122 15 2.33253968254
263 206 1.33333333333
206 127 0.789682539683
127 199 0.174603174603
167 8 0.579365079365
202 167 0.866666666667
156 202 0.333333333333
243 122 0.546825396825
206 167 0.866666666667
15 202 2.2
2 202 0.333333333333
122 8 0.412698412698
206 225 2.04206349206
206 202 9.63492063492
206 15 3.94444444444
156 206 1.33333333333
167 202 7.91111111111
225 199 0.634126984127
127 8 0.138888888889
15 206 2.2
2 206 1.33333333333
13 202 0.333333333333
243 127 0.623015873016
225 127 0.448412698413
167 206 7.91111111111
122 225 1.54206349206
202 225 2.04206349206
13 206 1.33333333333
188 202 0.333333333333
167 225 2.04206349206
15 127 0.623015873016
34 202 0.333333333333
122 127 0.623015873016
167 243 3.21587301587
206 122 3.74444444444
188 206 1.33333333333
282 202 0.333333333333
15 243 1.31428571429
34 206 1.33333333333
122 243 1.86904761905
206 8 0.579365079365
15 122 0.645238095238
15 167 0.533333333333
243 8 0.412698412698
282 206 1.33333333333
37 202 0.333333333333
167 15 3.94444444444
298 202 0.333333333333
225 243 0.349206349206
15 225 1.70873015873
243 199 1.19365079365
202 122 3.74444444444
243 206 1.5
66 202 0.333333333333
37 206 1.33333333333
225 8 0.412698412698
298 206 1.33333333333
167 127 0.789682539683
122 199 1.38888888889
243 202 0.5
66 206 1.33333333333
8 199 0.0833333333333
127 225 0.0912698412698
202 127 0.789682539683
8 206 1.5
243 15 1.03492063492
167 122 3.74444444444
206 199 2.45555555556
202 8 0.579365079365
243 167 0.166666666667
202 199 2.45555555556
202 243 3.21587301587
8 202 0.5
8 127 0.0833333333333
206 243 3.21587301587
202 206 2.80952380952
8 167 0.166666666667
263 202 0.333333333333
167 199 2.45555555556
15 8 0.412698412698
243 225 0.964285714286
202 15 3.94444444444
15 199 1.68888888889
