ramp_rate = 0.7
P=30 , R=28 , round=9
length of recovery seq 9
delete length 50
delete list [66, 289, 298, 255, 72, 87, 263, 290, 83, 167, 241, 13, 225, 243, 232, 34, 147, 269, 132, 249, 122, 2, 37, 127, 94, 199, 202, 76, 156, 67, 131, 248, 188, 238, 15, 84, 44, 8, 220, 189, 206, 162, 169, 107, 17, 282, 164, 198, 115, 261]
num of failed bus 57
failed bus [66, 289, 298, 255, 72, 87, 263, 290, 83, 167, 241, 13, 225, 243, 232, 34, 147, 269, 132, 249, 122, 2, 37, 127, 94, 199, 202, 76, 156, 67, 131, 248, 188, 238, 15, 84, 44, 8, 220, 189, 206, 162, 169, 107, 17, 282, 164, 198, 115, 261, 14, 42, 200, 219, 230, 252, 288]
num of steady bus 243
num of steady branch 291

RRC_3
(206, 202, 199) 0.8401184229262705
(202, 206, 199) 0.8401184229262705
(202, 206, 122) 0.8396721053649496
(206, 202, 122) 0.8396721053649496
(206, 122, 202) 0.8396721053649496
(122, 206, 202) 0.8396721053649496
(206, 202, 243) 0.8387031286861051
(202, 206, 243) 0.8387031286861051
(225, 206, 202) 0.838703128686105
(15, 206, 202) 0.838703128686105
(202, 206, 167) 0.838703128686105
(206, 225, 202) 0.838703128686105
(243, 206, 202) 0.838703128686105
(206, 202, 225) 0.838703128686105
(206, 202, 167) 0.838703128686105
(206, 167, 202) 0.838703128686105
(167, 206, 202) 0.838703128686105
(206, 243, 202) 0.838703128686105
(206, 202, 15) 0.838703128686105
(202, 206, 15) 0.838703128686105
(206, 15, 202) 0.838703128686105
(202, 206, 225) 0.838703128686105
(122, 206, 167) 0.8386349483653088
(206, 122, 167) 0.8386349483653088
(202, 206, 127) 0.8385456848530447
(8, 206, 202) 0.8385456848530447
(206, 127, 202) 0.8385456848530447
(127, 206, 202) 0.8385456848530447
RRC_2
(202, 206) 0.8358677794851196
(206, 202) 0.8358677794851196
(206, 199) 0.8313195910030882
(122, 206) 0.8308732734417673
(206, 122) 0.8308732734417673
(206, 243) 0.8299042967629228
(206, 167) 0.8299042967629227
(206, 225) 0.8299042967629227
(206, 15) 0.8299042967629227
(15, 206) 0.8299042967629227
(167, 206) 0.8299042967629227
(225, 206) 0.8299042967629227
(243, 206) 0.8299042967629227
(206, 127) 0.8297468529298623
(127, 206) 0.8297468529298623
(206, 8) 0.8297468529298623
(8, 206) 0.8297468529298623
(206, 13) 0.8295343207578048
(13, 206) 0.8295343207578048
(2, 206) 0.8294493078889817
(206, 2) 0.8294493078889817
(206, 115) 0.8294153027414526
(115, 206) 0.8294153027414524
(206, 66) 0.8291092564136897
(66, 206) 0.8291092564136897
(34, 206) 0.8290242435448667
(206, 34) 0.8290242435448667
(162, 206) 0.8287692049383976
RRC_1
(206,) 0.8270689475619373
(202,) 0.8187376864172815
(199,) 0.8084511292896963
(122,) 0.8080048117283756
(243,) 0.8070358350495309
(225,) 0.8070358350495307
(15,) 0.8070358350495307
(167,) 0.8070358350495307
(8,) 0.8068783912164706
(127,) 0.8068783912164706
(13,) 0.806665859044413
(2,) 0.80658084617559
(115,) 0.8065468410280607
(66,) 0.806240794700298
(34,) 0.806155781831475
(162,) 0.8059007432250059
(37,) 0.8058582367905944
(188,) 0.8058157303561829
(241,) 0.8054586763071261
(156,) 0.8053906660120678
(67,) 0.8053906660120678
(238,) 0.8047955759303067
(87,) 0.8043960154468384
(232,) 0.8043025012911332
(282,) 0.8042808230095833
(298,) 0.8042438424116453
(269,) 0.8042370413821395
(132,) 0.8042004858485455
RRC_7
(202, 206, 122, 243, 167, 15, 199) 0.8613338094053988
(202, 206, 122, 167, 243, 15, 199) 0.8613338094053988
(206, 202, 122, 167, 243, 15, 199) 0.8613338094053988
(122, 206, 167, 202, 15, 243, 199) 0.8613338094053988
(206, 122, 167, 202, 15, 243, 199) 0.8613338094053988
(206, 122, 167, 202, 243, 15, 199) 0.8613338094053988
(206, 122, 202, 167, 15, 243, 199) 0.8613338094053988
(206, 122, 202, 243, 167, 15, 199) 0.8613338094053988
(206, 202, 122, 243, 167, 15, 199) 0.8613338094053988
(122, 206, 202, 167, 243, 15, 199) 0.8613338094053988
(122, 206, 167, 202, 243, 15, 199) 0.8613338094053988
(122, 206, 167, 15, 202, 243, 199) 0.8613338094053988
(122, 206, 202, 243, 167, 15, 199) 0.8613338094053988
(206, 122, 167, 15, 202, 243, 199) 0.8613338094053988
(202, 206, 122, 167, 15, 243, 199) 0.8613338094053988
(122, 206, 202, 167, 15, 243, 199) 0.8613338094053988
(206, 202, 122, 167, 15, 243, 199) 0.8613338094053988
(206, 122, 202, 167, 243, 15, 199) 0.8613338094053988
(122, 206, 202, 15, 167, 243, 199) 0.8613338094053985
(206, 122, 202, 15, 167, 243, 199) 0.8613338094053985
(206, 202, 122, 15, 167, 243, 199) 0.8613338094053985
(202, 206, 122, 15, 167, 243, 199) 0.8613338094053985
(122, 206, 202, 15, 167, 243, 225) 0.8603561614139341
(206, 202, 122, 15, 167, 243, 225) 0.8603561614139341
(122, 206, 167, 202, 243, 15, 225) 0.8603561614139341
(206, 122, 167, 202, 15, 243, 225) 0.8603561614139341
(206, 122, 202, 243, 167, 15, 225) 0.8603561614139341
(122, 206, 202, 243, 167, 15, 225) 0.8603561614139341
RRC_6
(202, 206, 122, 15, 167, 243) 0.8570831659642479
(206, 202, 122, 243, 167, 15) 0.8570831659642479
(122, 206, 167, 15, 202, 243) 0.8570831659642479
(122, 206, 167, 202, 243, 15) 0.8570831659642479
(202, 206, 122, 167, 15, 243) 0.8570831659642479
(206, 122, 202, 15, 167, 243) 0.8570831659642479
(202, 206, 122, 243, 167, 15) 0.8570831659642479
(206, 122, 202, 243, 167, 15) 0.8570831659642479
(206, 122, 202, 167, 15, 243) 0.8570831659642479
(206, 122, 202, 167, 243, 15) 0.8570831659642479
(122, 206, 202, 167, 243, 15) 0.8570831659642479
(122, 206, 167, 202, 15, 243) 0.8570831659642479
(206, 122, 167, 15, 202, 243) 0.8570831659642479
(206, 122, 167, 202, 243, 15) 0.8570831659642479
(122, 206, 202, 167, 15, 243) 0.8570831659642479
(122, 206, 202, 243, 167, 15) 0.8570831659642479
(206, 202, 122, 15, 167, 243) 0.8570831659642479
(202, 206, 122, 167, 243, 15) 0.8570831659642479
(122, 206, 202, 15, 167, 243) 0.8570831659642479
(206, 202, 122, 167, 15, 243) 0.8570831659642479
(206, 202, 122, 167, 243, 15) 0.8570831659642479
(206, 122, 167, 202, 15, 243) 0.8570831659642479
(202, 206, 122, 167, 15, 199) 0.8570699889695803
(206, 122, 167, 202, 15, 199) 0.8570699889695803
(122, 206, 167, 15, 202, 199) 0.8570699889695803
(122, 206, 167, 202, 15, 199) 0.8570699889695803
(206, 202, 122, 15, 167, 199) 0.8570699889695803
(206, 202, 122, 167, 15, 199) 0.8570699889695803
RRC_5
(206, 122, 167, 15, 202) 0.8528193455284295
(122, 206, 167, 15, 202) 0.8528193455284295
(206, 202, 122, 15, 167) 0.8528193455284294
(202, 206, 122, 15, 167) 0.8528193455284294
(206, 122, 202, 15, 167) 0.8528193455284294
(202, 206, 122, 167, 15) 0.8528193455284294
(122, 206, 167, 202, 15) 0.8528193455284294
(206, 122, 167, 202, 15) 0.8528193455284294
(206, 202, 122, 167, 15) 0.8528193455284294
(206, 122, 202, 167, 15) 0.8528193455284294
(122, 206, 202, 15, 167) 0.8528193455284294
(122, 206, 202, 167, 15) 0.8528193455284294
(122, 206, 202, 243, 167) 0.8516976007243097
(206, 122, 167, 202, 243) 0.8516976007243097
(202, 206, 122, 243, 167) 0.8516976007243097
(122, 206, 167, 202, 243) 0.8516976007243097
(206, 202, 122, 243, 167) 0.8516976007243097
(122, 206, 202, 167, 243) 0.8516976007243097
(202, 206, 122, 167, 243) 0.8516976007243097
(206, 202, 122, 167, 243) 0.8516976007243097
(206, 122, 202, 167, 243) 0.8516976007243097
(206, 122, 202, 243, 167) 0.8516976007243097
(122, 206, 167, 202, 199) 0.8516844237296423
(202, 206, 122, 167, 199) 0.8516844237296423
(122, 206, 202, 167, 199) 0.8516844237296423
(206, 122, 202, 167, 199) 0.8516844237296423
(206, 202, 122, 167, 199) 0.8516844237296423
(206, 122, 167, 202, 199) 0.8516844237296423
RRC_4
(122, 206, 202, 167) 0.8474337802884911
(206, 202, 122, 167) 0.8474337802884911
(122, 206, 167, 202) 0.8474337802884911
(206, 122, 202, 167) 0.8474337802884911
(202, 206, 122, 167) 0.8474337802884911
(206, 122, 167, 202) 0.8474337802884911
(206, 122, 202, 15) 0.8450576706048879
(202, 206, 122, 15) 0.8450576706048879
(122, 206, 202, 15) 0.8450576706048879
(206, 202, 122, 15) 0.8450576706048879
(206, 122, 167, 15) 0.844020513605247
(122, 206, 167, 15) 0.844020513605247
(122, 206, 202, 243) 0.8439359258007681
(206, 122, 202, 243) 0.8439359258007681
(202, 206, 122, 243) 0.8439359258007681
(206, 202, 122, 243) 0.8439359258007681
(122, 206, 202, 199) 0.8439227488061006
(206, 122, 202, 199) 0.8439227488061006
(202, 206, 122, 199) 0.8439227488061004
(206, 202, 122, 199) 0.8439227488061004
(202, 206, 243, 199) 0.8429537721272561
(206, 243, 202, 199) 0.8429537721272561
(206, 202, 243, 199) 0.8429537721272561
(243, 206, 202, 199) 0.8429537721272561
(206, 202, 167, 199) 0.8429537721272559
(206, 225, 202, 199) 0.8429537721272559
(206, 202, 15, 199) 0.8429537721272559
(206, 167, 202, 199) 0.8429537721272559
RRC_9
(122, 206, 202, 15, 167, 243, 225, 8, 199) 0.8672847102230101
(206, 122, 167, 202, 15, 243, 225, 127, 199) 0.8672847102230101
(206, 122, 202, 243, 167, 15, 225, 127, 199) 0.8672847102230101
(206, 122, 167, 202, 15, 243, 225, 8, 199) 0.8672847102230101
(122, 206, 202, 15, 167, 243, 225, 127, 199) 0.8672847102230101
(206, 202, 122, 15, 167, 243, 225, 127, 199) 0.8672847102230101
(122, 206, 202, 243, 167, 15, 225, 8, 199) 0.8672847102230101
(122, 206, 202, 243, 167, 15, 225, 127, 199) 0.8672847102230101
(206, 122, 202, 243, 167, 15, 225, 8, 199) 0.8672847102230101
(206, 202, 122, 15, 167, 243, 225, 8, 199) 0.8672847102230101
(122, 206, 167, 202, 243, 15, 225, 127, 199) 0.8672847102230098
(122, 206, 167, 202, 243, 15, 225, 8, 199) 0.8672847102230098
(206, 122, 167, 202, 15, 243, 225, 13, 199) 0.8670721780509525
(122, 206, 202, 243, 167, 15, 225, 13, 199) 0.8670721780509525
(206, 122, 202, 243, 167, 15, 225, 13, 199) 0.8670721780509525
(122, 206, 167, 202, 243, 15, 225, 13, 199) 0.8670721780509525
(206, 202, 122, 15, 167, 243, 225, 13, 199) 0.8670721780509525
(122, 206, 202, 15, 167, 243, 225, 13, 199) 0.8670721780509525
(122, 206, 202, 243, 167, 15, 225, 2, 199) 0.8669871651821298
(122, 206, 167, 202, 243, 15, 225, 2, 199) 0.8669871651821295
(206, 202, 122, 15, 167, 243, 225, 2, 199) 0.8669871651821293
(122, 206, 202, 15, 167, 243, 225, 2, 199) 0.8669871651821293
(206, 122, 167, 202, 15, 243, 225, 127, 8) 0.8657119721497842
(122, 206, 202, 15, 167, 243, 225, 127, 8) 0.8657119721497842
(122, 206, 202, 243, 167, 15, 225, 127, 8) 0.8657119721497842
(122, 206, 167, 202, 243, 15, 225, 8, 127) 0.8657119721497842
(206, 122, 167, 202, 15, 243, 225, 8, 127) 0.8657119721497842
(122, 206, 202, 243, 167, 15, 225, 8, 127) 0.8657119721497842
RRC_8
(122, 206, 202, 243, 167, 15, 225, 199) 0.864606804855085
(206, 122, 202, 243, 167, 15, 225, 199) 0.864606804855085
(206, 202, 122, 15, 167, 243, 225, 199) 0.8646068048550847
(122, 206, 167, 202, 243, 15, 225, 199) 0.8646068048550847
(206, 122, 167, 202, 15, 243, 225, 199) 0.8646068048550847
(122, 206, 202, 15, 167, 243, 225, 199) 0.8646068048550847
(206, 202, 122, 15, 167, 243, 225, 8) 0.8630340667818592
(122, 206, 202, 15, 167, 243, 225, 127) 0.8630340667818592
(206, 122, 167, 202, 15, 243, 225, 127) 0.8630340667818592
(122, 206, 167, 202, 243, 15, 225, 8) 0.8630340667818592
(122, 206, 167, 202, 243, 15, 225, 127) 0.8630340667818592
(206, 122, 202, 243, 167, 15, 225, 127) 0.8630340667818592
(122, 206, 202, 243, 167, 15, 225, 127) 0.8630340667818592
(122, 206, 202, 243, 167, 15, 225, 8) 0.8630340667818592
(206, 122, 167, 202, 15, 243, 225, 8) 0.8630340667818592
(122, 206, 202, 15, 167, 243, 225, 8) 0.8630340667818592
(206, 122, 202, 243, 167, 15, 225, 8) 0.8630340667818592
(206, 202, 122, 15, 167, 243, 225, 127) 0.8630340667818592
(206, 122, 167, 202, 15, 243, 225, 13) 0.8628215346098016
(122, 206, 202, 243, 167, 15, 225, 13) 0.8628215346098016
(122, 206, 202, 15, 167, 243, 225, 13) 0.8628215346098016
(206, 122, 202, 243, 167, 15, 225, 13) 0.8628215346098016
(122, 206, 167, 202, 243, 15, 225, 13) 0.8628215346098016
(206, 202, 122, 15, 167, 243, 225, 13) 0.8628215346098016
(122, 206, 202, 243, 167, 15, 225, 2) 0.8627365217409786
(122, 206, 167, 202, 243, 15, 225, 2) 0.8627365217409786
(122, 206, 202, 15, 167, 243, 225, 2) 0.8627365217409786
(206, 202, 122, 15, 167, 243, 225, 2) 0.8627365217409786

node num of SRG 16

current length of seq: 2
SRG recovery seq [206, 202]
RRC recovery seq (202, 206)
high degree based recovery seq [15, 189]
low degree based recovery seq [261, 263]
high load based recovery seq [206, 202]
low load based recovery seq [44, 132]

residual percent of power before recovery 0.8042004858485454
residual percent of power after SRG recovery 0.8358677794851196
residual percent of power after RRC recovery 0.8358677794851196
residual percent of power after high degree based recovery 0.8070358350495307
residual percent of power after low degree based recovery 0.8042004858485455
residual percent of power after high load based recovery 0.8358677794851196
residual percent of power after low load based recovery 0.803987953676488
average residual percent of power after random based recovery 0.7917024797356501


current length of seq: 3
SRG recovery seq [206, 202, 243]
RRC recovery seq (206, 202, 199)
high degree based recovery seq [15, 189, 198]
low degree based recovery seq [261, 263, 282]
high load based recovery seq [206, 202, 199]
low load based recovery seq [44, 132, 261]

residual percent of power before recovery 0.8042004858485454
residual percent of power after SRG recovery 0.8387031286861051
residual percent of power after RRC recovery 0.8401184229262705
residual percent of power after high degree based recovery 0.8070358350495306
residual percent of power after low degree based recovery 0.8042808230095833
residual percent of power after high load based recovery 0.8401184229262705
residual percent of power after low load based recovery 0.803987953676488
average residual percent of power after random based recovery 0.7744726628855676


current length of seq: 4
SRG recovery seq [206, 202, 122, 167]
RRC recovery seq (122, 206, 202, 167)
high degree based recovery seq [15, 189, 198, 83]
low degree based recovery seq [261, 263, 282, 164]
high load based recovery seq [206, 202, 199, 167]
low load based recovery seq [44, 132, 261, 263]

residual percent of power before recovery 0.8042004858485454
residual percent of power after SRG recovery 0.8474337802884911
residual percent of power after RRC recovery 0.8474337802884911
residual percent of power after high degree based recovery 0.8070358350495307
residual percent of power after low degree based recovery 0.8042808230095833
residual percent of power after high load based recovery 0.8401184229262704
residual percent of power after low load based recovery 0.803987953676488
average residual percent of power after random based recovery 0.7608757431819719


current length of seq: 5
SRG recovery seq [206, 202, 122, 167, 15]
RRC recovery seq (206, 122, 167, 15, 202)
high degree based recovery seq [15, 189, 198, 83, 122]
low degree based recovery seq [261, 263, 282, 164, 298]
high load based recovery seq [206, 202, 199, 167, 15]
low load based recovery seq [44, 132, 261, 263, 147]

residual percent of power before recovery 0.8042004858485454
residual percent of power after SRG recovery 0.8528193455284294
residual percent of power after RRC recovery 0.8528193455284295
residual percent of power after high degree based recovery 0.5936845972667809
residual percent of power after low degree based recovery 0.804324179572683
residual percent of power after high load based recovery 0.8401184229262704
residual percent of power after low load based recovery 0.803987953676488
average residual percent of power after random based recovery 0.7677940812633239


current length of seq: 6
SRG recovery seq [122, 167, 15, 206, 202, 243]
RRC recovery seq (202, 206, 122, 15, 167, 243)
high degree based recovery seq [15, 189, 198, 83, 122, 2]
low degree based recovery seq [261, 263, 282, 164, 298, 243]
high load based recovery seq [206, 202, 199, 167, 15, 243]
low load based recovery seq [44, 132, 261, 263, 147, 164]

residual percent of power before recovery 0.8042004858485454
residual percent of power after SRG recovery 0.8570831659642479
residual percent of power after RRC recovery 0.8570831659642479
residual percent of power after high degree based recovery 0.5936845972667809
residual percent of power after low degree based recovery 0.8085880000085015
residual percent of power after high load based recovery 0.8401184229262705
residual percent of power after low load based recovery 0.803987953676488
average residual percent of power after random based recovery 0.7210585675841641


current length of seq: 7
SRG recovery seq [122, 167, 15, 206, 202, 243, 199]
RRC recovery seq (202, 206, 122, 243, 167, 15, 199)
high degree based recovery seq [15, 189, 198, 83, 122, 2, 37]
low degree based recovery seq [261, 263, 282, 164, 298, 243, 206]
high load based recovery seq [206, 202, 199, 167, 15, 243, 122]
low load based recovery seq [44, 132, 261, 263, 147, 164, 169]

residual percent of power before recovery 0.8042004858485454
residual percent of power after SRG recovery 0.8613338094053988
residual percent of power after RRC recovery 0.8613338094053988
residual percent of power after high degree based recovery 0.5936845972667809
residual percent of power after low degree based recovery 0.8314564617218932
residual percent of power after high load based recovery 0.595723427633858
residual percent of power after low load based recovery 0.8039879536764878
average residual percent of power after random based recovery 0.7047106662499868


current length of seq: 8
SRG recovery seq [122, 167, 15, 225, 206, 202, 243, 199]
RRC recovery seq (122, 206, 202, 243, 167, 15, 225, 199)
high degree based recovery seq [15, 189, 198, 83, 122, 2, 37, 167]
low degree based recovery seq [261, 263, 282, 164, 298, 243, 206, 220]
high load based recovery seq [206, 202, 199, 167, 15, 243, 122, 83]
low load based recovery seq [44, 132, 261, 263, 147, 164, 169, 189]

residual percent of power before recovery 0.8042004858485454
residual percent of power after SRG recovery 0.864606804855085
residual percent of power after RRC recovery 0.864606804855085
residual percent of power after high degree based recovery 0.5936845972667809
residual percent of power after low degree based recovery 0.8314564617218932
residual percent of power after high load based recovery 0.5957234276338582
residual percent of power after low load based recovery 0.803987953676488
average residual percent of power after random based recovery 0.7366186625944715


current length of seq: 9
SRG recovery seq [122, 167, 15, 225, 127, 206, 202, 243, 199]
RRC recovery seq (122, 206, 202, 15, 167, 243, 225, 8, 199)
high degree based recovery seq [15, 189, 198, 83, 122, 2, 37, 167, 66]
low degree based recovery seq [261, 263, 282, 164, 298, 243, 206, 220, 232]
high load based recovery seq [206, 202, 199, 167, 15, 243, 122, 83, 225]
low load based recovery seq [44, 132, 261, 263, 147, 164, 169, 189, 198]

residual percent of power before recovery 0.8042004858485454
residual percent of power after SRG recovery 0.8672847102230101
residual percent of power after RRC recovery 0.8672847102230101
residual percent of power after high degree based recovery 0.5936845972667809
residual percent of power after low degree based recovery 0.831558477164481
residual percent of power after high load based recovery 0.5957234276338582
residual percent of power after low load based recovery 0.8039879536764877
average residual percent of power after random based recovery 0.6784171426261474


