ramp_rate = 0.5
P=30 , R=16 , round=15
length of recovery seq 15
delete length 60
delete list [30, 279, 264, 138, 143, 9, 56, 202, 225, 90, 140, 256, 173, 247, 185, 60, 144, 33, 171, 91, 63, 97, 74, 122, 258, 134, 166, 62, 51, 54, 48, 165, 43, 36, 42, 101, 178, 257, 170, 286, 148, 119, 208, 283, 260, 273, 81, 151, 44, 167, 133, 154, 244, 92, 201, 194, 16, 251, 252, 175]
num of failed bus 87
failed bus [30, 279, 264, 138, 143, 9, 56, 202, 225, 90, 140, 256, 173, 247, 185, 60, 144, 33, 171, 91, 63, 97, 74, 122, 258, 134, 166, 62, 51, 54, 48, 165, 43, 36, 42, 101, 178, 257, 170, 286, 148, 119, 208, 283, 260, 273, 81, 151, 44, 167, 133, 154, 244, 92, 201, 194, 16, 251, 252, 175, 45, 53, 89, 186, 93, 96, 118, 161, 121, 123, 135, 141, 265, 145, 209, 238, 240, 242, 255, 261, 274, 275, 277, 299, 267, 276, 278]
num of steady bus 213
num of steady branch 253

RRC_3
(154, 170, 171) 0.7952257716003603
(133, 170, 171) 0.7907200895527404
(60, 170, 171) 0.7901675059053909
(9, 170, 171) 0.791467518784181
(178, 170, 171) 0.7892323643483377
(167, 170, 171) 0.7914675187841811
(43, 170, 171) 0.791467518784181
(42, 170, 171) 0.7894874029548067
(165, 170, 171) 0.790286523921743
(140, 170, 171) 0.7892323643483377
(165, 171, 202) 0.7876936314226409
(166, 171, 170) 0.790286523921743
(165, 171, 170) 0.790286523921743
(151, 170, 171) 0.7888710596558398
(166, 170, 171) 0.790286523921743
(138, 170, 171) 0.7891473514795146
RRC_2
(43, 170) 0.7574623712549737
(133, 170) 0.7567149420235332
(151, 170) 0.7548659121266326
(140, 170) 0.7552272168191304
(165, 171) 0.7695008774945151
(166, 171) 0.7695008774945151
(60, 170) 0.7561623583761836
(166, 170) 0.7562813763925358
(171, 170) 0.7574623712549735
(42, 170) 0.7554822554255994
(9, 170) 0.7574623712549737
(167, 170) 0.7574623712549738
(154, 170) 0.7612206240711532
(165, 170) 0.7562813763925358
(138, 170) 0.7551422039503074
(178, 170) 0.7552272168191304
RRC_1
(175,) 0.7333789095316148
(154,) 0.7404349776439251
(42,) 0.7346966089983715
(151,) 0.7340802656994044
(60,) 0.7353767119489557
(178,) 0.7344415703919025
(165,) 0.7354957299653079
(9,) 0.7366767248277458
(138,) 0.7343565575230795
(133,) 0.7359292955963053
(43,) 0.7366767248277458
(166,) 0.7354957299653079
(140,) 0.7344415703919025
(167,) 0.7366767248277459
(171,) 0.7366767248277456
(185,) 0.7334639224004378
RRC_10
(154, 170, 171, 202, 101, 201, 63, 9, 122, 165) 0.8553862824427124
(154, 170, 171, 202, 101, 201, 63, 122, 208, 165) 0.8553862824427124
(154, 170, 171, 202, 101, 201, 63, 122, 208, 166) 0.8553862824427124
(154, 170, 171, 202, 101, 201, 63, 208, 122, 165) 0.8553862824427124
(154, 170, 171, 202, 101, 201, 63, 122, 225, 166) 0.8553862824427124
(154, 170, 171, 202, 101, 201, 63, 208, 122, 166) 0.8553862824427124
(154, 170, 171, 202, 101, 201, 63, 122, 225, 165) 0.8553862824427124
(154, 170, 171, 202, 101, 201, 63, 9, 122, 166) 0.8553862824427124
(154, 170, 171, 202, 101, 201, 63, 122, 167, 165) 0.8553862824427126
(154, 170, 171, 202, 101, 201, 63, 122, 43, 165) 0.8553862824427124
(154, 170, 171, 202, 101, 201, 63, 43, 122, 165) 0.8553862824427124
(154, 170, 171, 202, 101, 201, 63, 81, 122, 166) 0.8553862824427124
(154, 170, 171, 202, 101, 201, 63, 122, 81, 166) 0.8553862824427124
(154, 170, 171, 202, 101, 201, 63, 122, 167, 166) 0.8553862824427126
(154, 170, 171, 202, 101, 201, 63, 167, 122, 166) 0.8553862824427126
(154, 170, 171, 202, 101, 201, 63, 167, 122, 165) 0.8553862824427126
RRC_7
(154, 170, 171, 201, 202, 167, 63) 0.8439636492965966
(154, 170, 171, 201, 202, 167, 101) 0.8448605350626793
(154, 170, 171, 202, 201, 101, 167) 0.8448605350626793
(154, 170, 171, 202, 201, 167, 101) 0.8448605350626793
(154, 170, 171, 202, 201, 63, 167) 0.8439636492965966
(154, 170, 171, 201, 202, 63, 101) 0.8459401984967317
(154, 170, 171, 202, 63, 201, 167) 0.8439636492965966
(154, 170, 171, 202, 201, 63, 101) 0.8459401984967317
(154, 170, 171, 202, 101, 201, 167) 0.8448605350626793
(154, 170, 171, 201, 202, 63, 167) 0.8439636492965966
(154, 170, 171, 202, 63, 201, 101) 0.8459401984967317
(154, 170, 171, 202, 201, 101, 63) 0.8459401984967317
(154, 170, 171, 202, 201, 167, 63) 0.8439636492965966
(154, 170, 171, 202, 101, 201, 63) 0.8459401984967317
(154, 170, 171, 201, 202, 101, 167) 0.8448605350626793
(154, 170, 171, 201, 202, 101, 63) 0.8459401984967317
RRC_6
(154, 170, 171, 201, 202, 167) 0.8351223109390027
(154, 170, 171, 201, 202, 63) 0.8362019743730551
(167, 170, 171, 202, 201, 63) 0.8324437215568756
(154, 170, 171, 202, 201, 167) 0.8351223109390027
(154, 170, 171, 201, 202, 101) 0.8370988601391379
(133, 170, 171, 202, 201, 101) 0.8325931780915179
(43, 170, 171, 202, 201, 63) 0.8324437215568756
(43, 170, 171, 202, 201, 101) 0.8333406073229586
(154, 170, 171, 202, 201, 63) 0.8362019743730551
(154, 170, 171, 202, 201, 101) 0.8370988601391379
(9, 170, 171, 202, 201, 101) 0.8333406073229586
(154, 170, 171, 202, 63, 201) 0.8362019743730551
(165, 171, 170, 202, 201, 101) 0.8321596124605205
(9, 170, 171, 202, 201, 63) 0.8324437215568756
(154, 170, 171, 202, 101, 201) 0.8370988601391379
(167, 170, 171, 202, 201, 101) 0.8333406073229586
RRC_5
(43, 170, 171, 202, 201) 0.8236023831992818
(154, 170, 171, 202, 201) 0.8273606360154613
(165, 171, 202, 170, 201) 0.8224213883368439
(165, 171, 170, 202, 201) 0.8224213883368439
(154, 170, 171, 202, 101) 0.8231567496521629
(165, 170, 171, 202, 201) 0.8224213883368439
(166, 170, 171, 202, 201) 0.8224213883368439
(133, 170, 171, 202, 201) 0.8228549539678413
(60, 170, 171, 202, 201) 0.8223023703204917
(154, 170, 171, 202, 63) 0.8222598638860802
(42, 170, 171, 202, 201) 0.8216222673699075
(167, 170, 171, 202, 201) 0.8236023831992819
(154, 170, 171, 201, 202) 0.8273606360154613
(9, 170, 171, 202, 201) 0.8236023831992818
(178, 170, 171, 202, 201) 0.8213672287634385
(166, 171, 170, 202, 201) 0.8224213883368439
RRC_4
(140, 170, 171, 202) 0.8074251182764635
(42, 170, 171, 202) 0.8076801568829325
(167, 170, 171, 202) 0.809660272712307
(133, 170, 171, 202) 0.8089128434808663
(154, 170, 171, 201) 0.8091678820873354
(178, 170, 171, 202) 0.8074251182764635
(165, 171, 170, 202) 0.8084792778498688
(138, 170, 171, 202) 0.8073401054076405
(166, 170, 171, 202) 0.8084792778498688
(60, 170, 171, 202) 0.8083602598335167
(154, 170, 171, 202) 0.8134185255284863
(166, 171, 170, 202) 0.8084792778498688
(43, 170, 171, 202) 0.8096602727123068
(9, 170, 171, 202) 0.8096602727123068
(165, 170, 171, 202) 0.8084792778498688
(165, 171, 202, 170) 0.8084792778498688
RRC_13
(154, 170, 171, 202, 101, 201, 63, 122, 81, 166, 167, 9, 208) 0.8713091927732638
(154, 170, 171, 202, 101, 201, 63, 43, 122, 165, 167, 9, 208) 0.8713091927732638
(154, 170, 171, 202, 101, 201, 63, 122, 225, 166, 167, 208, 9) 0.8713091927732638
(154, 170, 171, 202, 101, 201, 63, 122, 225, 165, 167, 9, 43) 0.8711391670356178
(154, 170, 171, 202, 101, 201, 63, 9, 122, 166, 167, 208, 43) 0.8711391670356178
(154, 170, 171, 202, 101, 201, 63, 122, 43, 165, 167, 208, 9) 0.8713091927732638
(154, 170, 171, 202, 101, 201, 63, 81, 122, 166, 167, 9, 208) 0.8713091927732638
(154, 170, 171, 202, 101, 201, 63, 122, 43, 165, 167, 9, 208) 0.8713091927732638
(154, 170, 171, 202, 101, 201, 63, 122, 225, 166, 167, 9, 208) 0.8713091927732638
(154, 170, 171, 202, 101, 201, 63, 122, 225, 166, 167, 9, 43) 0.8711391670356178
(154, 170, 171, 202, 101, 201, 63, 122, 81, 166, 167, 208, 9) 0.8713091927732638
(154, 170, 171, 202, 101, 201, 63, 122, 81, 166, 167, 208, 43) 0.8711391670356178
(154, 170, 171, 202, 101, 201, 63, 122, 225, 165, 167, 208, 9) 0.8713091927732638
(154, 170, 171, 202, 101, 201, 63, 81, 122, 166, 167, 208, 9) 0.8713091927732638
(154, 170, 171, 202, 101, 201, 63, 122, 225, 165, 167, 9, 208) 0.8713091927732638
(154, 170, 171, 202, 101, 201, 63, 43, 122, 165, 167, 208, 9) 0.8713091927732638
RRC_9
(154, 170, 171, 202, 101, 201, 63, 122, 81) 0.8528443976649043
(154, 170, 171, 202, 101, 201, 63, 225, 122) 0.8528443976649043
(154, 170, 171, 202, 101, 201, 63, 122, 43) 0.8528443976649043
(154, 170, 171, 202, 63, 201, 101, 81, 122) 0.8527914726387678
(154, 170, 171, 202, 101, 201, 63, 9, 122) 0.8528443976649043
(154, 170, 171, 202, 101, 201, 63, 81, 122) 0.8528443976649043
(154, 170, 171, 202, 63, 201, 101, 167, 122) 0.852791472638768
(154, 170, 171, 202, 63, 201, 101, 122, 9) 0.8527914726387678
(154, 170, 171, 202, 101, 201, 63, 122, 167) 0.8528443976649043
(154, 170, 171, 202, 101, 201, 63, 122, 225) 0.8528443976649043
(154, 170, 171, 202, 101, 201, 63, 43, 122) 0.8528443976649043
(154, 170, 171, 202, 101, 201, 63, 208, 122) 0.8528443976649043
(154, 170, 171, 202, 63, 201, 101, 208, 122) 0.8527914726387678
(154, 170, 171, 202, 101, 201, 63, 122, 9) 0.8528443976649043
(154, 170, 171, 202, 101, 201, 63, 167, 122) 0.8528443976649044
(154, 170, 171, 202, 101, 201, 63, 122, 208) 0.8528443976649043
RRC_8
(154, 170, 171, 202, 101, 201, 63, 43) 0.8490400717850741
(154, 170, 171, 202, 63, 201, 101, 167) 0.8489871467589377
(154, 170, 171, 202, 101, 201, 63, 81) 0.8490400717850741
(154, 170, 171, 202, 201, 63, 101, 122) 0.8497445243765618
(154, 170, 171, 202, 63, 201, 101, 9) 0.8489871467589377
(154, 170, 171, 201, 202, 101, 63, 122) 0.8497445243765618
(154, 170, 171, 202, 101, 201, 63, 167) 0.8490400717850741
(154, 170, 171, 202, 201, 101, 63, 122) 0.8497445243765618
(154, 170, 171, 202, 101, 201, 63, 122) 0.8497445243765618
(154, 170, 171, 202, 101, 201, 63, 225) 0.8490400717850741
(154, 170, 171, 201, 202, 63, 101, 122) 0.8497445243765618
(154, 170, 171, 202, 63, 201, 101, 122) 0.8497445243765618
(154, 170, 171, 202, 101, 201, 63, 9) 0.8490400717850741
(154, 170, 171, 202, 63, 201, 101, 208) 0.8489871467589377
(154, 170, 171, 202, 63, 201, 101, 81) 0.8489871467589377
(154, 170, 171, 202, 101, 201, 63, 208) 0.8490400717850741
RRC_11
(154, 170, 171, 202, 101, 201, 63, 122, 167, 166, 208) 0.8594669001462175
(154, 170, 171, 202, 101, 201, 63, 122, 167, 165, 9) 0.8594669001462175
(154, 170, 171, 202, 101, 201, 63, 122, 81, 166, 167) 0.863147957366254
(154, 170, 171, 202, 101, 201, 63, 9, 122, 166, 167) 0.863147957366254
(154, 170, 171, 202, 101, 201, 63, 43, 122, 165, 167) 0.863147957366254
(154, 170, 171, 202, 101, 201, 63, 81, 122, 166, 167) 0.863147957366254
(154, 170, 171, 202, 101, 201, 63, 122, 225, 165, 167) 0.863147957366254
(154, 170, 171, 202, 101, 201, 63, 122, 43, 165, 167) 0.863147957366254
(154, 170, 171, 202, 101, 201, 63, 122, 208, 165, 167) 0.863147957366254
(154, 170, 171, 202, 101, 201, 63, 122, 208, 166, 167) 0.863147957366254
(154, 170, 171, 202, 101, 201, 63, 122, 225, 166, 167) 0.863147957366254
(154, 170, 171, 202, 101, 201, 63, 9, 122, 165, 167) 0.863147957366254
(154, 170, 171, 202, 101, 201, 63, 208, 122, 165, 167) 0.863147957366254
(154, 170, 171, 202, 101, 201, 63, 167, 122, 166, 9) 0.8594669001462175
(154, 170, 171, 202, 101, 201, 63, 167, 122, 165, 9) 0.8594669001462175
(154, 170, 171, 202, 101, 201, 63, 208, 122, 166, 167) 0.863147957366254
RRC_12
(154, 170, 171, 202, 101, 201, 63, 43, 122, 165, 167, 208) 0.8672285750697589
(154, 170, 171, 202, 101, 201, 63, 122, 81, 166, 167, 208) 0.8672285750697589
(154, 170, 171, 202, 101, 201, 63, 122, 43, 165, 167, 208) 0.8672285750697589
(154, 170, 171, 202, 101, 201, 63, 81, 122, 166, 167, 9) 0.8672285750697589
(154, 170, 171, 202, 101, 201, 63, 122, 81, 166, 167, 9) 0.8672285750697589
(154, 170, 171, 202, 101, 201, 63, 122, 225, 165, 167, 208) 0.8672285750697589
(154, 170, 171, 202, 101, 201, 63, 9, 122, 166, 167, 208) 0.8672285750697589
(154, 170, 171, 202, 101, 201, 63, 208, 122, 165, 167, 9) 0.8672285750697589
(154, 170, 171, 202, 101, 201, 63, 122, 225, 166, 167, 208) 0.8672285750697589
(154, 170, 171, 202, 101, 201, 63, 81, 122, 166, 167, 208) 0.8672285750697589
(154, 170, 171, 202, 101, 201, 63, 122, 208, 165, 167, 9) 0.8672285750697589
(154, 170, 171, 202, 101, 201, 63, 43, 122, 165, 167, 9) 0.8672285750697589
(154, 170, 171, 202, 101, 201, 63, 122, 225, 165, 167, 9) 0.8672285750697589
(154, 170, 171, 202, 101, 201, 63, 122, 225, 166, 167, 9) 0.8672285750697589
(154, 170, 171, 202, 101, 201, 63, 9, 122, 165, 167, 208) 0.8672285750697589
(154, 170, 171, 202, 101, 201, 63, 122, 43, 165, 167, 9) 0.8672285750697589
RRC_14
(154, 170, 171, 202, 101, 201, 63, 122, 225, 165, 167, 9, 208, 43) 0.8752197847391227
(154, 170, 171, 202, 101, 201, 63, 81, 122, 166, 167, 208, 9, 43) 0.8752197847391227
(154, 170, 171, 202, 101, 201, 63, 122, 81, 166, 167, 208, 43, 9) 0.8752197847391227
(154, 170, 171, 202, 101, 201, 63, 122, 225, 166, 167, 9, 208, 81) 0.8748584800466248
(154, 170, 171, 202, 101, 201, 63, 122, 225, 165, 167, 9, 43, 208) 0.8752197847391227
(154, 170, 171, 202, 101, 201, 63, 122, 225, 165, 167, 208, 9, 81) 0.8748584800466248
(154, 170, 171, 202, 101, 201, 63, 81, 122, 166, 167, 9, 208, 43) 0.8752197847391227
(154, 170, 171, 202, 101, 201, 63, 122, 225, 166, 167, 9, 208, 43) 0.8752197847391227
(154, 170, 171, 202, 101, 201, 63, 122, 225, 166, 167, 208, 9, 43) 0.8752197847391227
(154, 170, 171, 202, 101, 201, 63, 122, 81, 166, 167, 9, 208, 43) 0.8752197847391227
(154, 170, 171, 202, 101, 201, 63, 43, 122, 165, 167, 208, 9, 81) 0.8748584800466248
(154, 170, 171, 202, 101, 201, 63, 122, 81, 166, 167, 208, 9, 43) 0.8752197847391227
(154, 170, 171, 202, 101, 201, 63, 122, 43, 165, 167, 208, 9, 81) 0.8748584800466248
(154, 170, 171, 202, 101, 201, 63, 122, 225, 166, 167, 9, 43, 208) 0.8752197847391227
(154, 170, 171, 202, 101, 201, 63, 122, 225, 165, 167, 9, 208, 81) 0.8748584800466248
(154, 170, 171, 202, 101, 201, 63, 122, 225, 165, 167, 208, 9, 43) 0.8752197847391227
RRC_15
(154, 170, 171, 202, 101, 201, 63, 122, 225, 166, 167, 208, 9, 43, 81) 0.8787690720124837
(154, 170, 171, 202, 101, 201, 63, 81, 122, 166, 167, 9, 208, 43, 225) 0.8784927801888088
(154, 170, 171, 202, 101, 201, 63, 122, 225, 165, 167, 9, 208, 81, 43) 0.8787690720124837
(154, 170, 171, 202, 101, 201, 63, 122, 81, 166, 167, 9, 208, 43, 133) 0.8781952351479283
(154, 170, 171, 202, 101, 201, 63, 122, 81, 166, 167, 208, 9, 43, 225) 0.8784927801888088
(154, 170, 171, 202, 101, 201, 63, 122, 81, 166, 167, 208, 43, 9, 225) 0.8784927801888088
(154, 170, 171, 202, 101, 201, 63, 122, 225, 165, 167, 208, 9, 43, 81) 0.8787690720124837
(154, 170, 171, 202, 101, 201, 63, 122, 225, 166, 167, 9, 208, 81, 43) 0.8787690720124837
(154, 170, 171, 202, 101, 201, 63, 122, 225, 166, 167, 9, 43, 208, 81) 0.8787690720124837
(154, 170, 171, 202, 101, 201, 63, 122, 225, 166, 167, 9, 208, 43, 81) 0.8787690720124837
(154, 170, 171, 202, 101, 201, 63, 122, 225, 165, 167, 208, 9, 81, 43) 0.8787690720124837
(154, 170, 171, 202, 101, 201, 63, 122, 81, 166, 167, 208, 9, 43, 133) 0.8781952351479283
(154, 170, 171, 202, 101, 201, 63, 122, 81, 166, 167, 9, 208, 43, 225) 0.8784927801888088
(154, 170, 171, 202, 101, 201, 63, 122, 225, 165, 167, 9, 43, 208, 81) 0.8787690720124837
(154, 170, 171, 202, 101, 201, 63, 122, 225, 165, 167, 9, 208, 43, 81) 0.8787690720124837
(154, 170, 171, 202, 101, 201, 63, 81, 122, 166, 167, 208, 9, 43, 225) 0.8784927801888088

node num of SRG 23

current length of seq: 2
SRG recovery seq [170, 171]
RRC recovery seq (165, 171)
high degree based recovery seq [119, 36]
low degree based recovery seq [256, 283]
high load based recovery seq [171, 170]
low load based recovery seq [244, 44]

residual percent of power before recovery 0.7329538451874995
residual percent of power after SRG recovery 0.7877446391439348
residual percent of power after RRC recovery 0.7695008774945151
residual percent of power after high degree based recovery 0.7329538451874995
residual percent of power after low degree based recovery 0.7330197301608374
residual percent of power after high load based recovery 0.7574623712549735
residual percent of power after low load based recovery 0.7284906695742912
average residual percent of power after random based recovery 0.7351227929628876


current length of seq: 3
SRG recovery seq [170, 171, 202]
RRC recovery seq (154, 170, 171)
high degree based recovery seq [119, 36, 54]
low degree based recovery seq [256, 283, 286]
high load based recovery seq [171, 170, 202]
low load based recovery seq [244, 44, 256]

residual percent of power before recovery 0.7329538451874995
residual percent of power after SRG recovery 0.8059373930720607
residual percent of power after RRC recovery 0.7952257716003603
residual percent of power after high degree based recovery 0.7329538451874995
residual percent of power after low degree based recovery 0.7330987921288429
residual percent of power after high load based recovery 0.7756551251830994
residual percent of power after low load based recovery 0.7284906695742912
average residual percent of power after random based recovery 0.7155954858741624


current length of seq: 4
SRG recovery seq [154, 170, 171, 202]
RRC recovery seq (154, 170, 171, 202)
high degree based recovery seq [119, 36, 54, 81]
low degree based recovery seq [256, 283, 286, 201]
high load based recovery seq [171, 170, 202, 119]
low load based recovery seq [244, 44, 256, 143]

residual percent of power before recovery 0.7329538451874995
residual percent of power after SRG recovery 0.8134185255284863
residual percent of power after RRC recovery 0.8134185255284863
residual percent of power after high degree based recovery 0.7329538451874995
residual percent of power after low degree based recovery 0.7470409026158178
residual percent of power after high load based recovery 0.7756551251830994
residual percent of power after low load based recovery 0.7284906695742912
average residual percent of power after random based recovery 0.7248811728800161


current length of seq: 5
SRG recovery seq [154, 170, 171, 202, 201]
RRC recovery seq (154, 170, 171, 202, 201)
high degree based recovery seq [119, 36, 54, 81, 122]
low degree based recovery seq [256, 283, 286, 201, 247]
high load based recovery seq [171, 170, 202, 119, 201]
low load based recovery seq [244, 44, 256, 143, 16]

residual percent of power before recovery 0.7329538451874995
residual percent of power after SRG recovery 0.8273606360154613
residual percent of power after RRC recovery 0.8273606360154613
residual percent of power after high degree based recovery 0.3744999649321916
residual percent of power after low degree based recovery 0.7470409026158178
residual percent of power after high load based recovery 0.7862817337859767
residual percent of power after low load based recovery 0.7284906695742912
average residual percent of power after random based recovery 0.7109038495220723


current length of seq: 6
SRG recovery seq [154, 170, 171, 202, 201, 63]
RRC recovery seq (154, 170, 171, 201, 202, 101)
high degree based recovery seq [119, 36, 54, 81, 122, 154]
low degree based recovery seq [256, 283, 286, 201, 247, 244]
high load based recovery seq [171, 170, 202, 119, 201, 101]
low load based recovery seq [244, 44, 256, 143, 16, 273]

residual percent of power before recovery 0.7329538451874995
residual percent of power after SRG recovery 0.8362019743730551
residual percent of power after RRC recovery 0.8370988601391379
residual percent of power after high degree based recovery 0.3744999649321916
residual percent of power after low degree based recovery 0.7427902591746669
residual percent of power after high load based recovery 0.7862817337859767
residual percent of power after low load based recovery 0.7284906695742912
average residual percent of power after random based recovery 0.7016480494158708


current length of seq: 7
SRG recovery seq [154, 170, 171, 202, 201, 63, 122]
RRC recovery seq (154, 170, 171, 201, 202, 63, 101)
high degree based recovery seq [119, 36, 54, 81, 122, 154, 167]
low degree based recovery seq [256, 283, 286, 201, 247, 244, 251]
high load based recovery seq [171, 170, 202, 119, 201, 101, 51]
low load based recovery seq [244, 44, 256, 143, 16, 273, 148]

residual percent of power before recovery 0.7329538451874995
residual percent of power after SRG recovery 0.8400063002528851
residual percent of power after RRC recovery 0.8459401984967317
residual percent of power after high degree based recovery 0.3744999649321916
residual percent of power after low degree based recovery 0.7427902591746669
residual percent of power after high load based recovery 0.7862817337859767
residual percent of power after low load based recovery 0.7284906695742912
average residual percent of power after random based recovery 0.7216399654102855


current length of seq: 8
SRG recovery seq [154, 170, 171, 202, 201, 63, 122, 167]
RRC recovery seq (154, 170, 171, 202, 201, 63, 101, 122)
high degree based recovery seq [119, 36, 54, 81, 122, 154, 167, 43]
low degree based recovery seq [256, 283, 286, 201, 247, 244, 251, 252]
high load based recovery seq [171, 170, 202, 119, 201, 101, 51, 63]
low load based recovery seq [244, 44, 256, 143, 16, 273, 148, 30]

residual percent of power before recovery 0.7329538451874995
residual percent of power after SRG recovery 0.8477679751764267
residual percent of power after RRC recovery 0.8497445243765618
residual percent of power after high degree based recovery 0.3744999649321916
residual percent of power after low degree based recovery 0.7427902591746669
residual percent of power after high load based recovery 0.7862817337859767
residual percent of power after low load based recovery 0.7284906695742912
average residual percent of power after random based recovery 0.6881418187994573


current length of seq: 9
SRG recovery seq [154, 170, 171, 202, 101, 201, 63, 122, 167]
RRC recovery seq (154, 170, 171, 202, 101, 201, 63, 167, 122)
high degree based recovery seq [119, 36, 54, 81, 122, 154, 167, 43, 175]
low degree based recovery seq [256, 283, 286, 201, 247, 244, 251, 252, 171]
high load based recovery seq [171, 170, 202, 119, 201, 101, 51, 63, 167]
low load based recovery seq [244, 44, 256, 143, 16, 273, 148, 30, 36]

residual percent of power before recovery 0.7329538451874995
residual percent of power after SRG recovery 0.8528443976649043
residual percent of power after RRC recovery 0.8528443976649044
residual percent of power after high degree based recovery 0.3744999649321916
residual percent of power after low degree based recovery 0.7767954067038741
residual percent of power after high load based recovery 0.7862817337859767
residual percent of power after low load based recovery 0.7284906695742912
average residual percent of power after random based recovery 0.6930394274301342


current length of seq: 10
SRG recovery seq [154, 170, 171, 202, 101, 201, 63, 122, 167, 9]
RRC recovery seq (154, 170, 171, 202, 101, 201, 63, 122, 167, 165)
high degree based recovery seq [119, 36, 54, 81, 122, 154, 167, 43, 175, 48]
low degree based recovery seq [256, 283, 286, 201, 247, 244, 251, 252, 171, 133]
high load based recovery seq [171, 170, 202, 119, 201, 101, 51, 63, 167, 154]
low load based recovery seq [244, 44, 256, 143, 16, 273, 148, 30, 36, 173]

residual percent of power before recovery 0.7329538451874995
residual percent of power after SRG recovery 0.8543227581238225
residual percent of power after RRC recovery 0.8553862824427126
residual percent of power after high degree based recovery 0.3744999649321916
residual percent of power after low degree based recovery 0.7797708571126798
residual percent of power after high load based recovery 0.7862817337859767
residual percent of power after low load based recovery 0.7284906695742912
average residual percent of power after random based recovery 0.6591501591638346


current length of seq: 11
SRG recovery seq [154, 170, 171, 202, 201, 63, 167, 9, 101, 122, 208]
RRC recovery seq (154, 170, 171, 202, 101, 201, 63, 122, 81, 166, 167)
high degree based recovery seq [119, 36, 54, 81, 122, 154, 167, 43, 175, 48, 60]
low degree based recovery seq [256, 283, 286, 201, 247, 244, 251, 252, 171, 133, 9]
high load based recovery seq [171, 170, 202, 119, 201, 101, 51, 63, 167, 154, 9]
low load based recovery seq [244, 44, 256, 143, 16, 273, 148, 30, 36, 173, 54]

residual percent of power before recovery 0.7329538451874995
residual percent of power after SRG recovery 0.8544783716635107
residual percent of power after RRC recovery 0.863147957366254
residual percent of power after high degree based recovery 0.3744999649321916
residual percent of power after low degree based recovery 0.7838514748161847
residual percent of power after high load based recovery 0.7862817337859767
residual percent of power after low load based recovery 0.7284906695742912
average residual percent of power after random based recovery 0.686158014893236


current length of seq: 12
SRG recovery seq [154, 170, 171, 202, 201, 63, 167, 9, 101, 122, 166, 208]
RRC recovery seq (154, 17