ramp_rate = 0.4
P=30 , R=16 , round=15
length of recovery seq 15
delete length 60
delete list [30, 279, 264, 138, 143, 9, 56, 202, 225, 90, 140, 256, 173, 247, 185, 60, 144, 33, 171, 91, 63, 97, 74, 122, 258, 134, 166, 62, 51, 54, 48, 165, 43, 36, 42, 101, 178, 257, 170, 286, 148, 119, 208, 283, 260, 273, 81, 151, 44, 167, 133, 154, 244, 92, 201, 194, 16, 251, 252, 175]
num of failed bus 87
failed bus [30, 279, 264, 138, 143, 9, 56, 202, 225, 90, 140, 256, 173, 247, 185, 60, 144, 33, 171, 91, 63, 97, 74, 122, 258, 134, 166, 62, 51, 54, 48, 165, 43, 36, 42, 101, 178, 257, 170, 286, 148, 119, 208, 283, 260, 273, 81, 151, 44, 167, 133, 154, 244, 92, 201, 194, 16, 251, 252, 175, 45, 53, 89, 186, 93, 96, 118, 161, 121, 123, 135, 141, 265, 145, 209, 238, 240, 242, 255, 261, 274, 275, 277, 299, 267, 276, 278]
num of steady bus 213
num of steady branch 253

RRC_3
(154, 170, 171) 0.7927114814449128
(133, 170, 171) 0.788205799397293
(60, 170, 171) 0.7876532157499432
(9, 170, 171) 0.7893109666919921
(178, 170, 171) 0.7867180741928902
(167, 170, 171) 0.7904858903863219
(43, 170, 171) 0.7891409409543461
(42, 170, 171) 0.7869731127993592
(165, 170, 171) 0.7877722337662956
(140, 170, 171) 0.7867180741928902
(165, 171, 202) 0.7851793412671935
(166, 171, 170) 0.7877722337662956
(165, 171, 170) 0.7877722337662956
(151, 170, 171) 0.7863567695003923
(166, 170, 171) 0.7877722337662956
(138, 170, 171) 0.7866330613240672
RRC_2
(171, 170) 0.7564807428571146
(133, 170) 0.7542006518680857
(151, 170) 0.7523516219711851
(140, 170) 0.752712926663683
(165, 171) 0.7669865873390677
(166, 171) 0.7669865873390677
(60, 170) 0.7536480682207359
(166, 170) 0.7537670862370883
(43, 170) 0.7551357934251388
(42, 170) 0.752967965270152
(9, 170) 0.7553058191627848
(167, 170) 0.7564807428571146
(154, 170) 0.7587063339157055
(165, 170) 0.7537670862370883
(138, 170) 0.7526279137948599
(178, 170) 0.752712926663683
RRC_1
(175,) 0.7308646193761673
(154,) 0.7379206874884776
(42,) 0.7321823188429241
(151,) 0.7315659755439571
(60,) 0.732862421793508
(178,) 0.731927280236455
(165,) 0.7329814398098604
(9,) 0.7345201727355569
(138,) 0.731842267367632
(133,) 0.7334150054408578
(171,) 0.7356950964298867
(166,) 0.7329814398098604
(140,) 0.731927280236455
(167,) 0.7356950964298867
(43,) 0.7343501469979109
(185,) 0.7309496322449903
RRC_10
(154, 170, 171, 202, 201, 63, 101, 167, 122, 165) 0.8542288150036147
(154, 170, 171, 202, 101, 201, 167, 63, 122, 165) 0.854255923152729
(154, 170, 171, 202, 63, 201, 167, 101, 122, 166) 0.8542012792126424
(154, 170, 171, 202, 63, 201, 101, 167, 122, 166) 0.854283931871643
(154, 170, 171, 202, 63, 201, 101, 167, 122, 165) 0.854283931871643
(154, 170, 171, 202, 63, 201, 167, 101, 122, 165) 0.8542012792126424
(154, 170, 171, 202, 201, 101, 63, 167, 122, 166) 0.8542414306544349
(154, 170, 171, 202, 201, 101, 167, 63, 122, 166) 0.8541938859336619
(154, 170, 171, 201, 202, 101, 63, 167, 122, 166) 0.8541985883007492
(154, 170, 171, 202, 201, 101, 63, 167, 122, 165) 0.8542414306544349
(154, 170, 171, 202, 201, 101, 167, 63, 122, 165) 0.8541938859336619
(154, 170, 171, 202, 201, 63, 101, 167, 122, 166) 0.8542288150036147
(154, 170, 171, 202, 101, 201, 63, 167, 122, 166) 0.8543049830748766
(154, 170, 171, 202, 101, 201, 63, 167, 122, 165) 0.8543049830748766
(154, 170, 171, 202, 101, 201, 167, 63, 122, 166) 0.854255923152729
(154, 170, 171, 201, 202, 101, 63, 167, 122, 165) 0.8541985883007492
RRC_7
(154, 170, 171, 201, 202, 167, 63) 0.8414493591411492
(154, 170, 171, 201, 202, 167, 101) 0.8423462449072321
(154, 170, 171, 202, 201, 101, 167) 0.8423462449072321
(154, 170, 171, 202, 201, 167, 101) 0.8423462449072321
(154, 170, 171, 202, 201, 63, 167) 0.8414493591411492
(154, 170, 171, 201, 202, 63, 101) 0.8434259083412843
(154, 170, 171, 202, 63, 201, 167) 0.8414493591411492
(154, 170, 171, 202, 201, 63, 101) 0.8434259083412843
(154, 170, 171, 202, 101, 201, 167) 0.8423462449072321
(154, 170, 171, 201, 202, 63, 167) 0.8414493591411492
(154, 170, 171, 202, 63, 201, 101) 0.8434259083412843
(154, 170, 171, 202, 201, 101, 63) 0.8434259083412843
(154, 170, 171, 202, 201, 167, 63) 0.8414493591411492
(154, 170, 171, 202, 101, 201, 63) 0.8434259083412843
(154, 170, 171, 201, 202, 101, 167) 0.8423462449072321
(154, 170, 171, 201, 202, 101, 63) 0.8434259083412843
RRC_6
(133, 170, 171, 202, 201, 101) 0.8300788879360705
(154, 170, 171, 201, 202, 167) 0.8326080207835553
(154, 170, 171, 201, 202, 63) 0.8336876842176075
(154, 170, 171, 202, 201, 167) 0.8326080207835553
(167, 170, 171, 202, 201, 154) 0.8301018872578484
(154, 170, 171, 201, 202, 101) 0.8345845699836905
(43, 170, 171, 202, 201, 63) 0.8301171437270407
(9, 170, 171, 202, 201, 101) 0.8311840552307698
(43, 170, 171, 202, 201, 101) 0.8310140294931236
(154, 170, 171, 202, 201, 63) 0.8336876842176075
(154, 170, 171, 202, 201, 101) 0.8345845699836905
(167, 170, 171, 202, 201, 63) 0.8314620931590166
(154, 170, 171, 202, 63, 201) 0.8336876842176075
(9, 170, 171, 202, 201, 63) 0.8302871694646868
(154, 170, 171, 202, 101, 201) 0.8345845699836905
(167, 170, 171, 202, 201, 101) 0.8323589789250995
RRC_5
(43, 170, 171, 202, 201) 0.8212758053694469
(154, 170, 171, 202, 201) 0.8248463458600136
(165, 171, 202, 170, 201) 0.8199070981813964
(165, 171, 170, 202, 201) 0.8199070981813964
(154, 170, 171, 202, 101) 0.8206424594967154
(165, 170, 171, 202, 201) 0.8199070981813964
(166, 170, 171, 202, 201) 0.8199070981813964
(133, 170, 171, 202, 201) 0.8203406638123938
(60, 170, 171, 202, 201) 0.819788080165044
(154, 170, 171, 202, 63) 0.8197455737306325
(42, 170, 171, 202, 201) 0.81910797721446
(167, 170, 171, 202, 201) 0.8226207548014227
(154, 170, 171, 201, 202) 0.8248463458600136
(9, 170, 171, 202, 201) 0.8214458311070929
(178, 170, 171, 202, 201) 0.818852938607991
(166, 171, 170, 202, 201) 0.8199070981813964
RRC_4
(140, 170, 171, 202) 0.804910828121016
(42, 170, 171, 202) 0.8051658667274851
(167, 170, 171, 202) 0.8086786443144478
(133, 170, 171, 202) 0.8063985533254189
(154, 170, 171, 201) 0.8066535919318878
(178, 170, 171, 202) 0.804910828121016
(165, 171, 170, 202) 0.8059649876944215
(138, 170, 171, 202) 0.804825815252193
(166, 170, 171, 202) 0.8059649876944215
(60, 170, 171, 202) 0.8058459696780691
(154, 170, 171, 202) 0.8109042353730387
(166, 171, 170, 202) 0.8059649876944215
(43, 170, 171, 202) 0.8073336948824719
(9, 170, 171, 202) 0.807503720620118
(165, 170, 171, 202) 0.8059649876944215
(165, 171, 202, 170) 0.8059649876944215
RRC_13
(154, 170, 171, 202, 63, 201, 101, 167, 122, 166, 208, 9, 43) 0.8663557592445115
(154, 170, 171, 202, 63, 201, 101, 167, 122, 165, 9, 208, 43) 0.8663557592445115
(154, 170, 171, 202, 101, 201, 167, 63, 122, 166, 9, 208, 43) 0.8663277505255976
(154, 170, 171, 202, 101, 201, 63, 167, 122, 166, 9, 208, 43) 0.8663768104477452
(154, 170, 171, 202, 101, 201, 63, 167, 122, 165, 208, 9, 43) 0.8663768104477452
(154, 170, 171, 202, 63, 201, 101, 167, 122, 166, 9, 208, 43) 0.8663557592445115
(154, 170, 171, 202, 101, 201, 167, 63, 122, 165, 208, 9, 43) 0.8663277505255976
(154, 170, 171, 202, 201, 101, 63, 167, 122, 166, 208, 9, 43) 0.8663132580273035
(154, 170, 171, 202, 101, 201, 167, 63, 122, 165, 9, 208, 43) 0.8663277505255976
(154, 170, 171, 202, 101, 201, 63, 167, 122, 165, 9, 208, 43) 0.8663768104477452
(154, 170, 171, 202, 201, 101, 63, 167, 122, 165, 208, 9, 43) 0.8663132580273035
(154, 170, 171, 202, 101, 201, 167, 63, 122, 166, 208, 9, 43) 0.8663277505255976
(154, 170, 171, 202, 201, 101, 63, 167, 122, 165, 9, 208, 43) 0.8663132580273035
(154, 170, 171, 202, 201, 101, 63, 167, 122, 166, 9, 208, 43) 0.8663132580273035
(154, 170, 171, 202, 63, 201, 101, 167, 122, 165, 208, 9, 43) 0.8663557592445115
(154, 170, 171, 202, 101, 201, 63, 167, 122, 166, 208, 9, 43) 0.8663768104477452
RRC_9
(154, 170, 171, 202, 201, 101, 167, 63, 122) 0.8516520011558537
(154, 170, 171, 201, 202, 167, 63, 101, 122) 0.851555320457944
(154, 170, 171, 202, 201, 101, 63, 167, 122) 0.8516995458766269
(154, 170, 171, 202, 201, 63, 101, 167, 122) 0.8516869302258067
(154, 170, 171, 201, 202, 101, 167, 63, 122) 0.8516101856908147
(154, 170, 171, 202, 63, 201, 101, 167, 122) 0.8517420470938348
(154, 170, 171, 201, 202, 63, 167, 101, 122) 0.851565663308803
(154, 170, 171, 202, 201, 63, 167, 101, 122) 0.851606534821988
(154, 170, 171, 202, 63, 201, 167, 101, 122) 0.8516593944348344
(154, 170, 171, 202, 201, 167, 63, 101, 122) 0.851596006344523
(154, 170, 171, 202, 101, 201, 63, 167, 122) 0.8517630982970685
(154, 170, 171, 202, 201, 167, 101, 63, 122) 0.8516293295595702
(154, 170, 171, 201, 202, 167, 101, 63, 122) 0.8515879093064462
(154, 170, 171, 201, 202, 63, 101, 167, 122) 0.8516443051614029
(154, 170, 171, 201, 202, 101, 63, 167, 122) 0.8516567035229412
(154, 170, 171, 202, 101, 201, 167, 63, 122) 0.851714038374921
RRC_8
(154, 170, 171, 202, 63, 201, 101, 167) 0.8479377212140048
(154, 170, 171, 201, 202, 101, 63, 167) 0.8478523776431112
(154, 170, 171, 202, 201, 63, 167, 101) 0.847802208942158
(154, 170, 171, 202, 101, 201, 63, 167) 0.8479587724172385
(154, 170, 171, 202, 201, 167, 63, 101) 0.847791680464693
(154, 170, 171, 202, 201, 101, 63, 167) 0.8478952199967968
(154, 170, 171, 201, 202, 63, 167, 101) 0.847761337428973
(154, 170, 171, 202, 101, 201, 167, 63) 0.847909712495091
(154, 170, 171, 201, 202, 101, 167, 63) 0.8478058598109844
(154, 170, 171, 202, 63, 201, 167, 101) 0.8478550685550044
(154, 170, 171, 202, 201, 101, 167, 63) 0.8478476752760237
(154, 170, 171, 202, 201, 63, 101, 167) 0.8478826043459766
(154, 170, 171, 201, 202, 167, 63, 101) 0.8477509945781138
(154, 170, 171, 202, 201, 167, 101, 63) 0.8478250036797401
(154, 170, 171, 201, 202, 63, 101, 167) 0.8478399792815728
(154, 170, 171, 201, 202, 167, 101, 63) 0.847783583426616
RRC_11
(154, 170, 171, 202, 201, 101, 63, 167, 122, 166, 208) 0.8583220483579398
(154, 170, 171, 202, 63, 201, 101, 167, 122, 166, 9) 0.8583645495751479
(154, 170, 171, 202, 101, 201, 63, 167, 122, 166, 9) 0.8583856007783814
(154, 170, 171, 202, 201, 101, 63, 167, 122, 165, 208) 0.8583220483579398
(154, 170, 171, 202, 101, 201, 63, 167, 122, 166, 208) 0.8583856007783814
(154, 170, 171, 202, 201, 101, 63, 167, 122, 165, 9) 0.8583220483579398
(154, 170, 171, 202, 63, 201, 101, 167, 122, 166, 208) 0.8583645495751479
(154, 170, 171, 202, 101, 201, 63, 167, 122, 165, 208) 0.8583856007783814
(154, 170, 171, 202, 101, 201, 167, 63, 122, 166, 9) 0.8583365408562339
(154, 170, 171, 202, 101, 201, 167, 63, 122, 165, 9) 0.8583365408562339
(154, 170, 171, 202, 101, 201, 167, 63, 122, 165, 208) 0.8583365408562339
(154, 170, 171, 202, 63, 201, 101, 167, 122, 165, 208) 0.8583645495751479
(154, 170, 171, 202, 101, 201, 167, 63, 122, 166, 208) 0.8583365408562339
(154, 170, 171, 202, 201, 101, 63, 167, 122, 166, 9) 0.8583220483579398
(154, 170, 171, 202, 101, 201, 63, 167, 122, 165, 9) 0.8583856007783814
(154, 170, 171, 202, 63, 201, 101, 167, 122, 165, 9) 0.8583645495751479
RRC_12
(154, 170, 171, 202, 63, 201, 101, 167, 122, 165, 208, 9) 0.8624451672786527
(154, 170, 171, 202, 63, 201, 101, 167, 122, 166, 208, 9) 0.8624451672786527
(154, 170, 171, 202, 63, 201, 101, 167, 122, 165, 9, 208) 0.8624451672786527
(154, 170, 171, 202, 201, 101, 63, 167, 122, 166, 208, 9) 0.8624026660614447
(154, 170, 171, 202, 101, 201, 63, 167, 122, 166, 208, 9) 0.8624662184818863
(154, 170, 171, 202, 201, 101, 63, 167, 122, 165, 208, 9) 0.8624026660614447
(154, 170, 171, 202, 101, 201, 167, 63, 122, 165, 208, 9) 0.8624171585597388
(154, 170, 171, 202, 101, 201, 63, 167, 122, 165, 208, 9) 0.8624662184818863
(154, 170, 171, 202, 101, 201, 167, 63, 122, 166, 9, 208) 0.8624171585597388
(154, 170, 171, 202, 101, 201, 167, 63, 122, 165, 9, 208) 0.8624171585597388
(154, 170, 171, 202, 63, 201, 101, 167, 122, 166, 9, 208) 0.8624451672786527
(154, 170, 171, 202, 101, 201, 167, 63, 122, 166, 208, 9) 0.8624171585597388
(154, 170, 171, 202, 101, 201, 63, 167, 122, 165, 9, 208) 0.8624662184818863
(154, 170, 171, 202, 201, 101, 63, 167, 122, 165, 9, 208) 0.8624026660614447
(154, 170, 171, 202, 101, 201, 63, 167, 122, 166, 9, 208) 0.8624662184818863
(154, 170, 171, 202, 201, 101, 63, 167, 122, 166, 9, 208) 0.8624026660614447
RRC_14
(154, 170, 171, 202, 201, 101, 63, 167, 122, 165, 9, 208, 43, 81) 0.8698625453006645
(154, 170, 171, 202, 201, 101, 63, 167, 122, 166, 9, 208, 43, 81) 0.8698625453006645
(154, 170, 171, 202, 201, 101, 63, 167, 122, 166, 208, 9, 43, 81) 0.8698625453006645
(154, 170, 171, 202, 101, 201, 167, 63, 122, 166, 9, 208, 43, 81) 0.8698770377989586
(154, 170, 171, 202, 101, 201, 63, 167, 122, 165, 9, 208, 43, 81) 0.8699260977211062
(154, 170, 171, 202, 101, 201, 167, 63, 122, 165, 208, 9, 43, 81) 0.8698770377989586
(154, 170, 171, 202, 101, 201, 63, 167, 122, 166, 208, 9, 43, 81) 0.8699260977211062
(154, 170, 171, 202, 101, 201, 167, 63, 122, 166, 208, 9, 43, 81) 0.8698770377989586
(154, 170, 171, 202, 201, 101, 63, 167, 122, 165, 208, 9, 43, 81) 0.8698625453006645
(154, 170, 171, 202, 101, 201, 63, 167, 122, 166, 9, 208, 43, 81) 0.8699260977211062
(154, 170, 171, 202, 63, 201, 101, 167, 122, 165, 9, 208, 43, 81) 0.8699050465178725
(154, 170, 171, 202, 63, 201, 101, 167, 122, 165, 208, 9, 43, 81) 0.8699050465178725
(154, 170, 171, 202, 63, 201, 101, 167, 122, 166, 208, 9, 43, 81) 0.8699050465178725
(154, 170, 171, 202, 101, 201, 63, 167, 122, 165, 208, 9, 43, 81) 0.8699260977211062
(154, 170, 171, 202, 63, 201, 101, 167, 122, 166, 9, 208, 43, 81) 0.8699050465178725
(154, 170, 171, 202, 101, 201, 167, 63, 122, 165, 9, 208, 43, 81) 0.8698770377989586
RRC_15
(154, 170, 171, 202, 101, 201, 167, 63, 122, 166, 9, 208, 43, 81, 225) 0.8731500332486448
(154, 170, 171, 202, 63, 201, 101, 167, 122, 166, 9, 208, 43, 81, 225) 0.8731780419675587
(154, 170, 171, 202, 201, 101, 63, 167, 122, 166, 208, 9, 43, 81, 225) 0.8731355407503507
(154, 170, 171, 202, 201, 101, 63, 167, 122, 165, 208, 9, 43, 81, 225) 0.8731355407503507
(154, 170, 171, 202, 101, 201, 63, 167, 122, 165, 208, 9, 43, 81, 225) 0.8731990931707924
(154, 170, 171, 202, 101, 201, 167, 63, 122, 165, 208, 9, 43, 81, 225) 0.8731500332486448
(154, 170, 171, 202, 63, 201, 101, 167, 122, 165, 208, 9, 43, 81, 225) 0.8731780419675587
(154, 170, 171, 202, 101, 201, 63, 167, 122, 166, 208, 9, 43, 81, 225) 0.8731990931707924
(154, 170, 171, 202, 201, 101, 63, 167, 122, 165, 9, 208, 43, 81, 225) 0.8731355407503507
(154, 170, 171, 202, 63, 201, 101, 167, 122, 166, 208, 9, 43, 81, 225) 0.8731780419675587
(154, 170, 171, 202, 101, 201, 167, 63, 122, 166, 208, 9, 43, 81, 225) 0.8731500332486448
(154, 170, 171, 202, 201, 101, 63, 167, 122, 166, 9, 208, 43, 81, 225) 0.8731355407503507
(154, 170, 171, 202, 101, 201, 167, 63, 122, 165, 9, 208, 43, 81, 225) 0.8731500332486448
(154, 170, 171, 202, 101, 201, 63, 167, 122, 165, 9, 208, 43, 81, 225) 0.8731990931707924
(154, 170, 171, 202, 63, 201, 101, 167, 122, 165, 9, 208, 43, 81, 225) 0.8731780419675587
(154, 170, 171, 202, 101, 201, 63, 167, 122, 166, 9, 208, 43, 81, 225) 0.8731990931707924

node num of SRG 23

current length of seq: 2
SRG recovery seq [170, 171]
RRC recovery seq (165, 171)
high degree based recovery seq [119, 36]
low degree based recovery seq [256, 283]
high load based recovery seq [171, 170]
low load based recovery seq [244, 44]

residual percent of power before recovery 0.730439555032052
residual percent of power after SRG recovery 0.7852303489884873
residual percent of power after RRC recovery 0.7669865873390677
residual percent of power after high degree based recovery 0.730439555032052
residual percent of power after low degree based recovery 0.73050544000539
residual percent of power after high load based recovery 0.7564807428571146
residual percent of power after low load based recovery 0.7259763794188437
average residual percent of power after random based recovery 0.7243005564793805


current length of seq: 3
SRG recovery seq [170, 171, 202]
RRC recovery seq (154, 170, 171)
high degree based recovery seq [119, 36, 54]
low degree based recovery seq [256, 283, 286]
high load based recovery seq [171, 170, 202]
low load based recovery seq [244, 44, 256]

residual percent of power before recovery 0.730439555032052
residual percent of power after SRG recovery 0.8034231029166132
residual percent of power after RRC recovery 0.7927114814449128
residual percent of power after high degree based recovery 0.730439555032052
residual percent of power after low degree based recovery 0.7305845019733954
residual percent of power after high load based recovery 0.7746734967852406
residual percent of power after low load based recovery 0.7259763794188437
average residual percent of power after random based recovery 0.7387334630275175


current length of seq: 4
SRG recovery seq [154, 170, 171, 202]
RRC recovery seq (154, 170, 171, 202)
high degree based recovery seq [119, 36, 54, 81]
low degree based recovery seq [256, 283, 286, 201]
high load based recovery seq [171, 170, 202, 119]
low load based recovery seq [244, 44, 256, 143]

residual percent of power before recovery 0.730439555032052
residual percent of power after SRG recovery 0.8109042353730387
residual percent of power after RRC recovery 0.8109042353730387
residual percent of power after high degree based recovery 0.730439555032052
residual percent of power after low degree based recovery 0.7445266124603704
residual percent of power after high load based recovery 0.7746734967852406
residual percent of power after low load based recovery 0.7259763794188437
average residual percent of power after random based recovery 0.7189203605594854


current length of seq: 5
SRG recovery seq [154, 170, 171, 202, 201]
RRC recovery seq (154, 170, 171, 202, 201)
high degree based recovery seq [119, 36, 54, 81, 122]
low degree based recovery seq [256, 283, 286, 201, 247]
high load based recovery seq [171, 170, 202, 119, 201]
low load based recovery seq [244, 44, 256, 143, 16]

residual percent of power before recovery 0.730439555032052
residual percent of power after SRG recovery 0.8248463458600136
residual percent of power after RRC recovery 0.8248463458600136
residual percent of power after high degree based recovery 0.3744999649321916
residual percent of power after low degree based recovery 0.7445266124603704
residual percent of power after high load based recovery 0.7853001053881178
residual percent of power after low load based recovery 0.7259763794188437
average residual percent of power after random based recovery 0.7145348946083674


current length of seq: 6
SRG recovery seq [154, 170, 171, 202, 201, 167]
RRC recovery seq (154, 170, 171, 201, 202, 101)
high degree based recovery seq [119, 36, 54, 81, 122, 154]
low degree based recovery seq [256, 283, 286, 201, 247, 244]
high load based recovery seq [171, 170, 202, 119, 201, 101]
low load based recovery seq [244, 44, 256, 143, 16, 273]

residual percent of power before recovery 0.730439555032052
residual percent of power after SRG recovery 0.8326080207835553
residual percent of power after RRC recovery 0.8345845699836905
residual percent of power after high degree based recovery 0.3744999649321916
residual percent of power after low degree based recovery 0.7402759690192195
residual percent of power after high load based recovery 0.7853001053881178
residual percent of power after low load based recovery 0.7259763794188437
average residual percent of power after random based recovery 0.7229749016531772


current length of seq: 7
SRG recovery seq [154, 170, 171, 202, 201, 167, 122]
RRC recovery seq (154, 170, 171, 201, 202, 63, 101)
high degree based recovery seq [119, 36, 54, 81, 122, 154, 167]
low degree based recovery seq [256, 283, 286, 201, 247, 244, 251]
high load based recovery seq [171, 170, 202, 119, 201, 101, 51]
low load based recovery seq [244, 44, 256, 143, 16, 273, 148]

residual percent of power before recovery 0.730439555032052
residual percent of power after SRG recovery 0.8364123466633854
residual percent of power after RRC recovery 0.8434259083412843
residual percent of power after high degree based recovery 0.3744999649321916
residual percent of power after low degree based recovery 0.7402759690192195
residual percent of power after high load based recovery 0.7853001053881178
residual percent of power after low load based recovery 0.7259763794188437
average residual percent of power after random based recovery 0.6521238968836155


current length of seq: 8
SRG recovery seq [154, 170, 171, 202, 201, 101, 167, 122]
RRC recovery seq (154, 170, 171, 202, 101, 201, 63, 167)
high degree based recovery seq [119, 36, 54, 81, 122, 154, 167, 43]
low degree based recovery seq [256, 283, 286, 201, 247, 244, 251, 252]
high load based recovery seq [171, 170, 202, 119, 201, 101, 51, 63]
low load based recovery seq [244, 44, 256, 143, 16, 273, 148, 30]

residual percent of power before recovery 0.730439555032052
residual percent of power after SRG recovery 0.8461505707870621
residual percent of power after RRC recovery 0.8479587724172385
residual percent of power after high degree based recovery 0.3744999649321916
residual percent of power after low degree based recovery 0.7402759690192195
residual percent of power after high load based recovery 0.7853001053881178
residual percent of power after low load based recovery 0.7259763794188437
average residual percent of power after random based recovery 0.67745688346163


current length of seq: 9
SRG recovery seq [154, 170, 171, 202, 201, 101, 63, 167, 122]
RRC recovery seq (154, 170, 171, 202, 101, 201, 63, 167, 122)
high degree based recovery seq [119, 36, 54, 81, 122, 154, 167, 43, 175]
low degree based recovery seq [256, 283, 286, 201, 247, 244, 251, 252, 171]
high load based recovery seq [171, 170, 202, 119, 201, 101, 51, 63, 167]
low load based recovery seq [244, 44, 256, 143, 16, 273, 148, 30, 36]

residual percent of power before recovery 0.730439555032052
residual percent of power after SRG recovery 0.8516995458766269
residual percent of power after RRC recovery 0.8517630982970685
residual percent of power after high degree based recovery 0.3744999649321916
residual percent of power after low degree based recovery 0.7742811165484268
residual percent of power after high load based recovery 0.7853001053881178
residual percent of power after low load based recovery 0.7259763794188437
average residual percent of power after random based recovery 0.6379757210110301


current length of seq: 10
SRG recovery seq [154, 170, 171, 202, 201, 101, 63, 167, 122, 208]
RRC recovery seq (154, 170, 171, 202, 101, 201, 63, 167, 122, 166)
high degree based recovery seq [119, 36, 54, 81, 122, 154, 167, 43, 175, 48]
low degree based recovery seq [256, 283, 286, 201, 247, 244, 251, 252, 171, 133]
high load based recovery seq [171, 170, 202, 119, 201, 101, 51, 63, 167, 154]
low load based recovery seq [244, 44, 256, 143, 16, 273, 148, 30, 36, 173]

residual percent of power before recovery 0.730439555032052
residual percent of power after SRG recovery 0.8524242935284504
residual percent of power after RRC recovery 0.8543049830748766
residual percent of power after high degree based recovery 0.3744999649321916
residual percent of power after low degree based recovery 0.7772565669572323
residual percent of power after high load based recovery 0.7853001053881178
residual percent of power after low load based recovery 0.7259763794188437
average residual percent of power after random based recovery 0.675159070760025


current length of seq: 11
SRG recovery seq [154, 170, 171, 202, 201, 101, 63, 167, 122, 208, 43]
RRC recovery seq (154, 170, 171, 202, 101, 201, 63, 167, 122, 166, 9)
high degree based recovery seq [119, 36, 54, 81, 122, 154, 167, 43, 175, 48, 60]
low degree based recovery seq [256, 283, 286, 201, 247, 244, 251, 252, 171, 133, 9]
high load based recovery seq [171, 170, 202, 119, 201, 101, 51, 63, 167, 154, 9]
low load based recovery seq [244, 44, 256, 143, 16, 273, 148, 30, 36, 173, 54]

residual percent of power before recovery 0.730439555032052
residual percent of power after SRG recovery 0.8534389402410036
residual percent of power after RRC recovery 0.8583856007783814
residual percent of power after high degree based recovery 0.3744999649321916
residual percent of power after low degree based recovery 0.7813371846607371
residual percent of power after high load based recovery 0.7853001053881178
residual percent of power after low load based recovery 0.7259763794188437
average residual percent of power after random based recovery 0.6378873109517759


current length of seq: 12
SRG recovery seq [154, 170, 171, 202, 201, 101, 63, 167, 122, 208, 9, 43]
RRC recovery seq (154, 170, 171, 202, 101