ramp_rate = 0.3
P=30 , R=16 , round=15
length of recovery seq 15
delete list [292, 58, 84, 62, 125, 219, 31, 241, 213, 152, 134, 230, 23, 33, 216, 232, 74, 130, 156, 11, 82, 112, 111, 172, 141, 3, 281, 8, 49, 283, 226, 114, 91, 35, 223, 251, 233, 77, 123, 63, 14, 190, 26, 117, 151, 237, 66, 108, 277, 116]
num of failed bus 79
failed bus [292, 58, 84, 62, 125, 219, 31, 241, 213, 152, 134, 230, 23, 33, 216, 232, 74, 130, 156, 11, 82, 112, 111, 172, 141, 3, 281, 8, 49, 283, 226, 114, 91, 35, 223, 251, 233, 77, 123, 63, 14, 190, 26, 117, 151, 237, 66, 108, 277, 116, 171, 135, 132, 131, 133, 115, 162, 140, 142, 143, 265, 144, 145, 149, 150, 165, 166, 167, 160, 201, 215, 220, 231, 240, 249, 250, 254, 255, 259]
num of steady bus 221
num of steady branch 254

RRC_3
(171, 49, 213) 0.7581590782954231
(171, 114, 213) 0.7605372158262501
(152, 171, 213) 0.7609432497493769
(171, 213, 14) 0.7607944772289367
(171, 213, 114) 0.7611855364255226
(171, 213, 49) 0.7581590782954231
(171, 213, 152) 0.7609432497493769
(14, 171, 213) 0.7598256355855918
(171, 213, 63) 0.7628347860806891
(171, 116, 213) 0.765623208178084
(171, 63, 213) 0.7609789613629726
(171, 152, 213) 0.7609432497493769
(171, 14, 213) 0.7604324720391921
(49, 171, 213) 0.7581590782954231
(171, 213, 116) 0.7656232081780842
(171, 190, 213) 0.7580740654266
RRC_2
(14, 171) 0.7364807967455534
(171, 49) 0.73384539781204
(11, 171) 0.7332078012958673
(171, 190) 0.7337603849432169
(171, 63) 0.7385211055973059
(49, 171) 0.73384539781204
(35, 171) 0.7333353205991018
(171, 35) 0.7333353205991018
(171, 26) 0.7326127112141062
(171, 116) 0.741309527694701
(171, 14) 0.7364807967455534
(171, 213) 0.7539934477230952
(171, 152) 0.7366295692659938
(171, 114) 0.7368718559421394
(152, 171) 0.7366295692659938
(171, 11) 0.7332078012958673
RRC_1
(26,) 0.698607563684899
(277,) 0.6957320033969606
(283,) 0.6957405046838429
(58,) 0.6980549800375493
(156,) 0.6968647998740272
(151,) 0.69680104022241
(35,) 0.6993301730698945
(8,) 0.6983525250784298
(3,) 0.6965247483987351
(292,) 0.6965096153164725
(11,) 0.69920265376666
(49,) 0.6998402502828327
(171,) 0.7296797672397121
(152,) 0.7026244217367869
(14,) 0.7024756492163462
(281,) 0.695733703654337
RRC_10
(171, 213, 116, 63, 152, 14, 49, 156, 151, 292) 0.7907626707594066
(171, 213, 63, 116, 152, 49, 26, 156, 151, 292) 0.7907626707594066
(171, 116, 213, 63, 152, 14, 35, 156, 151, 292) 0.7907626707594066
(171, 116, 213, 63, 152, 114, 8, 156, 151, 292) 0.7907626707594066
(171, 116, 213, 152, 63, 14, 49, 156, 151, 292) 0.7907626707594066
(171, 116, 213, 152, 63, 49, 35, 156, 151, 292) 0.7907626707594066
(171, 213, 63, 116, 152, 49, 58, 156, 151, 292) 0.7907626707594066
(171, 116, 213, 63, 152, 14, 114, 156, 151, 292) 0.7907626707594066
(171, 116, 213, 63, 152, 190, 35, 156, 151, 292) 0.7907626707594066
(171, 213, 116, 152, 63, 14, 190, 156, 151, 292) 0.7907626707594066
(171, 213, 63, 116, 152, 14, 49, 156, 151, 292) 0.7907626707594066
(171, 213, 116, 63, 152, 14, 114, 156, 151, 292) 0.7907626707594066
(171, 213, 116, 63, 152, 14, 35, 156, 151, 292) 0.7907626707594066
(171, 213, 116, 63, 152, 190, 26, 156, 151, 292) 0.7907626707594066
(171, 213, 116, 63, 152, 190, 11, 156, 151, 292) 0.7907626707594066
(171, 213, 116, 152, 63, 14, 26, 156, 151, 292) 0.7907626707594066
RRC_7
(171, 116, 213, 152, 63, 49, 35) 0.787611074478012
(171, 116, 213, 63, 152, 14, 35) 0.787611074478012
(171, 213, 116, 152, 63, 14, 26) 0.787611074478012
(171, 116, 213, 63, 152, 114, 8) 0.787611074478012
(171, 213, 63, 116, 152, 14, 49) 0.787611074478012
(171, 213, 116, 63, 152, 14, 49) 0.787611074478012
(171, 116, 213, 63, 152, 14, 114) 0.787611074478012
(171, 213, 116, 63, 152, 190, 11) 0.787611074478012
(171, 213, 116, 152, 63, 14, 190) 0.787611074478012
(171, 116, 213, 63, 152, 190, 35) 0.787611074478012
(171, 116, 213, 152, 63, 14, 49) 0.787611074478012
(171, 213, 116, 63, 152, 14, 114) 0.787611074478012
(171, 213, 116, 63, 152, 14, 35) 0.787611074478012
(171, 213, 63, 116, 152, 49, 26) 0.787611074478012
(171, 213, 63, 116, 152, 49, 58) 0.787611074478012
(171, 213, 116, 63, 152, 190, 26) 0.787611074478012
RRC_6
(171, 213, 116, 63, 152, 14) 0.7854721683603149
(171, 213, 116, 152, 63, 14) 0.7854721683603149
(171, 213, 116, 63, 152, 114) 0.7854721683603147
(171, 213, 63, 116, 152, 49) 0.7854721683603149
(171, 213, 63, 116, 152, 14) 0.7854721683603149
(171, 116, 213, 63, 152, 14) 0.7854721683603149
(171, 213, 116, 63, 152, 190) 0.7854721683603147
(171, 116, 213, 63, 152, 49) 0.7854721683603149
(171, 213, 116, 152, 63, 190) 0.7854721683603147
(171, 213, 63, 116, 152, 190) 0.7854721683603147
(171, 116, 213, 63, 152, 114) 0.7854721683603147
(171, 213, 116, 152, 63, 49) 0.7854721683603149
(171, 116, 213, 63, 152, 190) 0.7854721683603147
(171, 213, 116, 63, 152, 49) 0.7854721683603149
(171, 116, 213, 152, 63, 14) 0.7854721683603149
(171, 116, 213, 152, 63, 49) 0.7854721683603149
RRC_5
(171, 213, 114, 116, 152) 0.7797650989067932
(171, 116, 213, 114, 152) 0.7797650989067932
(152, 171, 213, 116, 63) 0.7810589132491177
(171, 213, 116, 152, 114) 0.7797650989067931
(171, 213, 152, 116, 63) 0.7810589132491177
(171, 116, 213, 152, 114) 0.7797650989067931
(171, 213, 116, 152, 63) 0.7814143485619596
(171, 152, 213, 116, 63) 0.7810589132491177
(171, 213, 116, 63, 152) 0.7814143485619598
(171, 116, 213, 63, 152) 0.7814143485619598
(171, 213, 152, 116, 114) 0.7794096635939513
(171, 116, 213, 152, 63) 0.7814143485619596
(171, 213, 116, 114, 152) 0.7797650989067932
(171, 213, 63, 116, 152) 0.7814143485619598
(171, 63, 213, 116, 152) 0.7795585238442434
(152, 171, 213, 116, 114) 0.7794096635939513
RRC_4
(171, 116, 213, 114) 0.7728152968805114
(171, 116, 213, 152) 0.7725730102043659
(171, 114, 213, 116) 0.772166976281239
(171, 213, 116, 114) 0.7728152968805114
(171, 213, 116, 63) 0.7744645465356779
(171, 152, 213, 116) 0.772217574891524
(171, 213, 152, 116) 0.772217574891524
(171, 213, 63, 116) 0.7744645465356781
(171, 63, 213, 116) 0.7726087218179616
(171, 213, 116, 14) 0.7724242376839254
(152, 171, 213, 116) 0.772217574891524
(171, 213, 114, 116) 0.7728152968805115
(171, 213, 116, 152) 0.7725730102043659
(171, 116, 213, 63) 0.7744645465356779
(171, 213, 14, 116) 0.7724242376839257
(171, 116, 213, 14) 0.7724242376839254
RRC_13
(171, 116, 213, 63, 152, 190, 35, 156, 151, 292, 77, 114, 14) 0.8054273906313775
(171, 213, 116, 63, 152, 190, 26, 156, 151, 292, 77, 114, 14) 0.8054273906313775
(171, 213, 63, 116, 152, 49, 26, 156, 151, 292, 77, 114, 14) 0.8054273906313775
(171, 213, 116, 63, 152, 190, 11, 156, 151, 292, 77, 114, 49) 0.8027919916978639
(171, 116, 213, 63, 152, 14, 35, 156, 151, 292, 77, 114, 49) 0.8027919916978639
(171, 213, 116, 152, 63, 14, 26, 156, 151, 292, 77, 114, 49) 0.8027919916978639
(171, 116, 213, 152, 63, 49, 35, 156, 151, 292, 77, 114, 14) 0.8054273906313775
(171, 213, 63, 116, 152, 49, 26, 156, 151, 292, 77, 14, 114) 0.8054273906313775
(171, 213, 116, 63, 152, 14, 35, 156, 151, 292, 77, 114, 49) 0.8027919916978639
(171, 213, 116, 152, 63, 14, 190, 156, 151, 292, 77, 114, 49) 0.8027919916978639
(171, 213, 116, 63, 152, 190, 11, 156, 151, 292, 77, 114, 14) 0.8054273906313775
(171, 213, 116, 63, 152, 190, 26, 156, 151, 292, 77, 114, 49) 0.8027919916978639
(171, 116, 213, 63, 152, 190, 35, 156, 151, 292, 77, 114, 49) 0.8027919916978639
(171, 213, 63, 116, 152, 49, 58, 156, 151, 292, 77, 114, 14) 0.8054273906313775
(171, 213, 116, 63, 152, 190, 26, 156, 151, 292, 77, 14, 114) 0.8054273906313775
(171, 213, 63, 116, 152, 49, 58, 156, 151, 292, 77, 114, 190) 0.8027069788290409
RRC_9
(171, 116, 213, 63, 152, 190, 35, 156, 151) 0.7899276751534394
(171, 213, 116, 63, 152, 190, 11, 156, 151) 0.7899276751534394
(171, 213, 116, 152, 63, 14, 190, 156, 151) 0.7899276751534394
(171, 213, 63, 116, 152, 14, 49, 156, 151) 0.7899276751534394
(171, 213, 116, 152, 63, 14, 26, 156, 151) 0.7899276751534394
(171, 213, 63, 116, 152, 49, 58, 156, 151) 0.7899276751534394
(171, 116, 213, 63, 152, 114, 8, 156, 151) 0.7899276751534394
(171, 213, 116, 63, 152, 14, 49, 156, 151) 0.7899276751534394
(171, 213, 116, 63, 152, 190, 26, 156, 151) 0.7899276751534394
(171, 116, 213, 152, 63, 49, 35, 156, 151) 0.7899276751534394
(171, 116, 213, 63, 152, 14, 35, 156, 151) 0.7899276751534394
(171, 116, 213, 63, 152, 14, 114, 156, 151) 0.7899276751534394
(171, 213, 116, 63, 152, 14, 35, 156, 151) 0.7899276751534394
(171, 213, 116, 63, 152, 14, 114, 156, 151) 0.7899276751534394
(171, 116, 213, 152, 63, 14, 49, 156, 151) 0.7899276751534394
(171, 213, 63, 116, 152, 49, 26, 156, 151) 0.7899276751534394
RRC_8
(171, 213, 116, 152, 63, 14, 26, 156) 0.7888012546415345
(171, 116, 213, 63, 152, 14, 114, 156) 0.7888012546415345
(171, 213, 63, 116, 152, 49, 58, 156) 0.7888012546415345
(171, 213, 63, 116, 152, 49, 26, 156) 0.7888012546415345
(171, 116, 213, 63, 152, 14, 35, 156) 0.7888012546415345
(171, 213, 116, 63, 152, 14, 49, 156) 0.7888012546415345
(171, 213, 116, 63, 152, 14, 114, 156) 0.7888012546415345
(171, 213, 63, 116, 152, 14, 49, 156) 0.7888012546415345
(171, 213, 116, 63, 152, 14, 35, 156) 0.7888012546415345
(171, 116, 213, 63, 152, 114, 8, 156) 0.7888012546415345
(171, 213, 116, 63, 152, 190, 26, 156) 0.7888012546415345
(171, 213, 116, 152, 63, 14, 190, 156) 0.7888012546415345
(171, 213, 116, 63, 152, 190, 11, 156) 0.7888012546415345
(171, 116, 213, 152, 63, 49, 35, 156) 0.7888012546415345
(171, 116, 213, 63, 152, 190, 35, 156) 0.7888012546415345
(171, 116, 213, 152, 63, 14, 49, 156) 0.7888012546415345
RRC_11
(171, 213, 116, 63, 152, 190, 26, 156, 151, 292, 77) 0.7914342724231086
(171, 116, 213, 63, 152, 190, 35, 156, 151, 292, 77) 0.7914342724231086
(171, 116, 213, 63, 152, 14, 114, 156, 151, 292, 77) 0.7914342724231086
(171, 213, 63, 116, 152, 49, 26, 156, 151, 292, 77) 0.7914342724231086
(171, 213, 116, 63, 152, 14, 114, 156, 151, 292, 77) 0.7914342724231086
(171, 213, 63, 116, 152, 49, 58, 156, 151, 292, 77) 0.7914342724231086
(171, 213, 116, 152, 63, 14, 190, 156, 151, 292, 77) 0.7914342724231086
(171, 213, 63, 116, 152, 14, 49, 156, 151, 292, 77) 0.7914342724231086
(171, 116, 213, 63, 152, 114, 8, 156, 151, 292, 77) 0.7914342724231086
(171, 116, 213, 63, 152, 14, 35, 156, 151, 292, 77) 0.7914342724231086
(171, 213, 116, 63, 152, 190, 11, 156, 151, 292, 77) 0.7914342724231086
(171, 213, 116, 63, 152, 14, 49, 156, 151, 292, 77) 0.7914342724231086
(171, 116, 213, 152, 63, 49, 35, 156, 151, 292, 77) 0.7914342724231086
(171, 116, 213, 152, 63, 14, 49, 156, 151, 292, 77) 0.7914342724231086
(171, 213, 116, 63, 152, 14, 35, 156, 151, 292, 77) 0.7914342724231086
(171, 213, 116, 152, 63, 14, 26, 156, 151, 292, 77) 0.7914342724231086
RRC_12
(171, 213, 116, 63, 152, 190, 11, 156, 151, 292, 77, 114) 0.798626361125536
(171, 213, 116, 63, 152, 190, 26, 156, 151, 292, 77, 114) 0.798626361125536
(171, 116, 213, 63, 152, 114, 8, 156, 151, 292, 77, 14) 0.7982353019289501
(171, 116, 213, 63, 152, 190, 35, 156, 151, 292, 77, 114) 0.798626361125536
(171, 213, 116, 63, 152, 14, 35, 156, 151, 292, 77, 114) 0.798626361125536
(171, 213, 63, 116, 152, 49, 26, 156, 151, 292, 77, 14) 0.7982353019289501
(171, 213, 63, 116, 152, 49, 26, 156, 151, 292, 77, 114) 0.798626361125536
(171, 213, 116, 63, 152, 190, 26, 156, 151, 292, 77, 14) 0.7982353019289501
(171, 213, 63, 116, 152, 49, 58, 156, 151, 292, 77, 114) 0.798626361125536
(171, 213, 116, 152, 63, 14, 190, 156, 151, 292, 77, 114) 0.798626361125536
(171, 213, 63, 116, 152, 14, 49, 156, 151, 292, 77, 114) 0.798626361125536
(171, 116, 213, 152, 63, 49, 35, 156, 151, 292, 77, 114) 0.798626361125536
(171, 116, 213, 63, 152, 14, 35, 156, 151, 292, 77, 114) 0.798626361125536
(171, 213, 116, 152, 63, 14, 26, 156, 151, 292, 77, 114) 0.798626361125536
(171, 213, 116, 63, 152, 14, 49, 156, 151, 292, 77, 114) 0.798626361125536
(171, 116, 213, 152, 63, 14, 49, 156, 151, 292, 77, 114) 0.798626361125536
RRC_14
(171, 116, 213, 152, 63, 49, 35, 156, 151, 292, 77, 114, 14, 11) 0.8074532448051323
(171, 116, 213, 63, 152, 190, 35, 156, 151, 292, 77, 114, 14, 58) 0.8074532448051323
(171, 116, 213, 63, 152, 190, 35, 156, 151, 292, 77, 114, 49, 14) 0.8074532448051323
(171, 213, 63, 116, 152, 49, 26, 156, 151, 292, 77, 14, 114, 58) 0.8074532448051323
(171, 213, 63, 116, 152, 49, 26, 156, 151, 292, 77, 14, 114, 11) 0.8074532448051323
(171, 213, 63, 116, 152, 49, 26, 156, 151, 292, 77, 114, 14, 11) 0.8074532448051323
(171, 213, 63, 116, 152, 49, 58, 156, 151, 292, 77, 114, 190, 14) 0.8074532448051323
(171, 213, 116, 63, 152, 190, 26, 156, 151, 292, 77, 114, 14, 11) 0.8074532448051323
(171, 213, 63, 116, 152, 49, 26, 156, 151, 292, 77, 14, 114, 66) 0.8074532448051323
(171, 213, 116, 63, 152, 190, 11, 156, 151, 292, 77, 114, 14, 226) 0.8074532448051323
(171, 213, 63, 116, 152, 49, 26, 156, 151, 292, 77, 114, 14, 8) 0.8074532448051323
(171, 116, 213, 63, 152, 190, 35, 156, 151, 292, 77, 114, 14, 8) 0.8074532448051323
(171, 116, 213, 63, 152, 190, 35, 156, 151, 292, 77, 114, 14, 26) 0.8074532448051323
(171, 116, 213, 152, 63, 49, 35, 156, 151, 292, 77, 114, 14, 66) 0.8074532448051323
(171, 213, 116, 63, 152, 190, 26, 156, 151, 292, 77, 114, 14, 8) 0.8074532448051323
(171, 213, 63, 116, 152, 49, 26, 156, 151, 292, 77, 114, 14, 58) 0.8074532448051323
RRC_15
(171, 213, 63, 116, 152, 49, 58, 156, 151, 292, 77, 114, 190, 14, 283) 0.8075191297784698
(171, 116, 213, 63, 152, 190, 35, 156, 151, 292, 77, 114, 14, 58, 283) 0.8075191297784698
(171, 213, 63, 116, 152, 49, 26, 156, 151, 292, 77, 114, 14, 11, 283) 0.8075191297784698
(171, 116, 213, 63, 152, 190, 35, 156, 151, 292, 77, 114, 49, 14, 283) 0.8075191297784698
(171, 213, 116, 63, 152, 190, 11, 156, 151, 292, 77, 114, 14, 226, 283) 0.8075191297784698
(171, 213, 63, 116, 152, 49, 26, 156, 151, 292, 77, 114, 14, 8, 283) 0.8075191297784698
(171, 116, 213, 152, 63, 49, 35, 156, 151, 292, 77, 114, 14, 11, 283) 0.8075191297784698
(171, 116, 213, 63, 152, 190, 35, 156, 151, 292, 77, 114, 14, 8, 283) 0.8075191297784698
(171, 213, 63, 116, 152, 49, 26, 156, 151, 292, 77, 14, 114, 58, 283) 0.8075191297784698
(171, 213, 63, 116, 152, 49, 26, 156, 151, 292, 77, 114, 14, 58, 283) 0.8075191297784698
(171, 116, 213, 152, 63, 49, 35, 156, 151, 292, 77, 114, 14, 66, 283) 0.8075191297784698
(171, 116, 213, 63, 152, 190, 35, 156, 151, 292, 77, 114, 14, 26, 283) 0.8075191297784698
(171, 213, 116, 63, 152, 190, 26, 156, 151, 292, 77, 114, 14, 8, 283) 0.8075191297784698
(171, 213, 63, 116, 152, 49, 26, 156, 151, 292, 77, 14, 114, 66, 283) 0.8075191297784698
(171, 213, 116, 63, 152, 190, 26, 156, 151, 292, 77, 114, 14, 11, 283) 0.8075191297784698
(171, 213, 63, 116, 152, 49, 26, 156, 151, 292, 77, 14, 114, 11, 283) 0.8075191297784698

node num of SRG 21

current length of seq: 2
SRG recovery seq [171, 213]
RRC recovery seq (171, 213)
high degree based recovery seq [31, 190]
low degree based recovery seq [277, 281]
high load based recovery seq [171, 213]
low load based recovery seq [130, 23]

residual percent of power before recovery 0.695674619710505
residual percent of power after SRG recovery 0.7539934477230952
residual percent of power after RRC recovery 0.7539934477230952
residual percent of power after high degree based recovery 0.6956746197105048
residual percent of power after low degree based recovery 0.6957910873407925
residual percent of power after high load based recovery 0.7539934477230952
residual percent of power after low load based recovery 0.6956746197105049
average residual percent of power after random based recovery 0.7024672618308762


current length of seq: 3
SRG recovery seq [171, 213, 152]
RRC recovery seq (171, 213, 116)
high degree based recovery seq [31, 190, 3]
low degree based recovery seq [277, 281, 283]
high load based recovery seq [171, 213, 116]
low load based recovery seq [130, 23, 33]

residual percent of power before recovery 0.695674619710505
residual percent of power after SRG recovery 0.7609432497493769
residual percent of power after RRC recovery 0.7656232081780842
residual percent of power after high degree based recovery 0.6956746197105048
residual percent of power after low degree based recovery 0.6958569723141304
residual percent of power after high load based recovery 0.7656232081780842
residual percent of power after low load based recovery 0.6956746197105049
average residual percent of power after random based recovery 0.7034106980143793


current length of seq: 4
SRG recovery seq [171, 213, 116, 152]
RRC recovery seq (171, 213, 63, 116)
high degree based recovery seq [31, 190, 3, 116]
low degree based recovery seq [277, 281, 283, 292]
high load based recovery seq [171, 213, 116, 63]
low load based recovery seq [130, 23, 33, 172]

residual percent of power before recovery 0.695674619710505
residual percent of power after SRG recovery 0.7725730102043659
residual percent of power after RRC recovery 0.7744645465356781
residual percent of power after high degree based recovery 0.7073043801654938
residual percent of power after low degree based recovery 0.6967466737011854
residual percent of power after high load based recovery 0.7744645465356779
residual percent of power after low load based recovery 0.6956746197105049
average residual percent of power after random based recovery 0.7077836656381826


current length of seq: 5
SRG recovery seq [171, 213, 116, 152, 156]
RRC recovery seq (171, 213, 116, 63, 152)
high degree based recovery seq [31, 190, 3, 116, 35]
low degree based recovery seq [277, 281, 283, 292, 251]
high load based recovery seq [171, 213, 116, 63, 114]
low load based recovery seq [130, 23, 33, 172, 219]

residual percent of power before recovery 0.695674619710505
residual percent of power after SRG recovery 0.7737631903678881
residual percent of power after RRC recovery 0.7814143485619598
residual percent of power after high degree based recovery 0.7073043801654935
residual percent of power after low degree based recovery 0.6967466737011854
residual percent of power after high load based recovery 0.778522366334033
residual percent of power after low load based recovery 0.6956746197105049
average residual percent of power after random based recovery 0.7051426225662851


current length of seq: 6
SRG recovery seq [171, 213, 116, 63, 152, 156]
RRC recovery seq (171, 213, 116, 63, 152, 14)
high degree based recovery seq [31, 190, 3, 116, 35, 112]
low degree based recovery seq [277, 281, 283, 292, 251, 232]
high load based recovery seq [171, 213, 116, 63, 114, 152]
low load based recovery seq [130, 23, 33, 172, 219, 62]

residual percent of power before recovery 0.695674619710505
residual percent of power after SRG recovery 0.782604528725482
residual percent of power after RRC recovery 0.7854721683603149
residual percent of power after high degree based recovery 0.7073043801654935
residual percent of power after low degree based recovery 0.696848689143773
residual percent of power after high load based recovery 0.7854721683603149
residual percent of power after low load based recovery 0.6956746197105049
average residual percent of power after random based recovery 0.712933167930773


current length of seq: 7
SRG recovery seq [171, 213, 116, 63, 152, 156, 151]
RRC recovery seq (171, 116, 213, 152, 63, 49, 35)
high degree based recovery seq [31, 190, 3, 116, 35, 112, 11]
low degree based recovery seq [277, 281, 283, 292, 251, 232, 233]
high load based recovery seq [171, 213, 116, 63, 114, 152, 14]
low load based recovery seq [130, 23, 33, 172, 219, 62, 82]

residual percent of power before recovery 0.695674619710505
residual percent of power after SRG recovery 0.7837309492373871
residual percent of power after RRC recovery 0.787611074478012
residual percent of power after high degree based recovery 0.7073043801654935
residual percent of power after low degree based recovery 0.6969507045863605
residual percent of power after high load based recovery 0.787611074478012
residual percent of power after low load based recovery 0.6956746197105049
average residual percent of power after random based recovery 0.7030693802921344


current length of seq: 8
SRG recovery seq [171, 213, 116, 63, 152, 156, 151, 292]
RRC recovery seq (171, 213, 116, 152, 63, 14, 26, 156)
high degree based recovery seq [31, 190, 3, 116, 35, 112, 11, 216]
low degree based recovery seq [277, 281, 283, 292, 251, 232, 233, 241]
high load based recovery seq [171, 213, 116, 63, 114, 152, 14, 49]
low load based recovery seq [130, 23, 33, 172, 219, 62, 82, 216]

residual percent of power before recovery 0.695674619710505
residual percent of power after SRG recovery 0.78456