ramp_rate = 0.3
P=30 , R=16 , round=15
length of recovery seq 15
delete list [168, 51, 139, 172, 67, 56, 241, 18, 282, 262, 132, 144, 286, 290, 22, 200, 54, 102, 193, 61, 148, 249, 21, 224, 46, 237, 234, 204, 235, 70, 229, 218, 41, 206, 114, 87, 108, 121, 77, 36, 37, 95, 150, 106, 96, 71, 174, 97, 242, 167]
num of failed bus 65
failed bus [168, 51, 139, 172, 67, 56, 241, 18, 282, 262, 132, 144, 286, 290, 22, 200, 54, 102, 193, 61, 148, 249, 21, 224, 46, 237, 234, 204, 235, 70, 229, 218, 41, 206, 114, 87, 108, 121, 77, 36, 37, 95, 150, 106, 96, 71, 174, 97, 242, 167, 255, 33, 260, 53, 103, 164, 163, 113, 265, 145, 170, 171, 192, 253, 261]
num of steady bus 235
num of steady branch 287

RRC_3
(150, 206, 106) 0.8386817054431616
(150, 200, 206) 0.8297638555036271
(150, 51, 206) 0.831761657920968
(150, 61, 206) 0.8320166965274371
(150, 206, 204) 0.8399228933279778
(150, 204, 206) 0.8399228933279778
(150, 167, 206) 0.8302569301428006
(150, 206, 51) 0.831761657920968
(150, 206, 61) 0.8320166965274371
(150, 206, 167) 0.8302569301428006
(150, 206, 114) 0.8296873439216863
(150, 106, 206) 0.8386817054431616
(150, 206, 200) 0.8297638555036271
(61, 150, 206) 0.8320166965274371
(51, 150, 206) 0.831761657920968
(167, 150, 206) 0.8302569301428006
RRC_2
(150, 46) 0.8025597374802613
(150, 51) 0.8088931962075762
(150, 61) 0.8091482348140453
(21, 150) 0.8030698146931995
(150, 204) 0.8170544316145859
(150, 206) 0.822495255219259
(61, 150) 0.8091482348140453
(150, 114) 0.8068188822082945
(150, 167) 0.8073884684294087
(150, 200) 0.8068953937902352
(51, 150) 0.8088931962075762
(150, 102) 0.802942295389965
(167, 150) 0.8073884684294087
(150, 106) 0.8158132437297697
(150, 21) 0.8030698146931995
(46, 150) 0.8025597374802613
RRC_1
(282,) 0.7672492173502765
(21,) 0.7706119013765711
(22,) 0.7680615153118805
(193,) 0.768104021746292
(290,) 0.7672368904842972
(61,) 0.7766903214974168
(168,) 0.7674664252301194
(67,) 0.768359060352761
(286,) 0.7672479421572442
(41,) 0.7696342533851064
(132,) 0.7671688801892388
(37,) 0.7688266311312877
(167,) 0.7749305551127804
(51,) 0.7764352828909478
(46,) 0.7701018241636329
(150,) 0.7996267935058672
RRC_10
(150, 204, 206, 200, 106, 51, 77, 61, 167, 237) 0.8890443318041216
(150, 204, 206, 200, 106, 51, 77, 61, 167, 121) 0.8890443318041216
(150, 204, 206, 200, 106, 51, 77, 61, 167, 67) 0.8890443318041216
(150, 204, 206, 200, 106, 51, 77, 61, 114, 167) 0.8890443318041216
(150, 204, 206, 200, 106, 51, 77, 61, 167, 37) 0.8890443318041216
(150, 204, 206, 200, 106, 51, 77, 61, 167, 97) 0.8890443318041215
(150, 204, 206, 200, 106, 51, 77, 61, 167, 224) 0.8890443318041216
(150, 204, 206, 200, 106, 51, 77, 61, 167, 241) 0.8890443318041216
(150, 204, 206, 200, 106, 51, 77, 61, 167, 22) 0.8890443318041216
(150, 204, 206, 200, 106, 51, 77, 61, 114, 97) 0.8890443318041216
(150, 204, 206, 200, 106, 51, 77, 61, 167, 41) 0.8890443318041216
(150, 204, 206, 200, 106, 51, 77, 61, 167, 46) 0.8890443318041216
(150, 204, 206, 200, 106, 51, 77, 61, 167, 21) 0.8890443318041216
(150, 204, 206, 200, 106, 51, 77, 61, 114, 241) 0.8890443318041215
(150, 204, 206, 200, 106, 51, 77, 61, 167, 193) 0.8890443318041216
(150, 204, 206, 200, 106, 51, 77, 61, 167, 102) 0.8890443318041216
RRC_7
(150, 204, 206, 200, 106, 61, 22) 0.871608332230547
(150, 204, 206, 200, 106, 61, 77) 0.8718983874793707
(150, 106, 206, 200, 204, 51, 77) 0.8718001352842358
(150, 106, 206, 200, 204, 61, 77) 0.8718001352842358
(150, 204, 206, 200, 106, 61, 235) 0.8716083322305472
(150, 204, 206, 200, 106, 51, 77) 0.8718983874793707
(150, 204, 206, 200, 106, 51, 46) 0.871608332230547
(150, 204, 206, 200, 106, 61, 224) 0.871608332230547
(150, 204, 206, 200, 106, 61, 97) 0.871608332230547
(150, 204, 206, 200, 106, 51, 114) 0.871608332230547
(150, 106, 206, 200, 204, 167, 77) 0.8718001352842358
(150, 204, 206, 200, 106, 61, 102) 0.871608332230547
(150, 204, 206, 200, 106, 61, 237) 0.871608332230547
(150, 204, 206, 200, 106, 61, 51) 0.871608332230547
(150, 204, 206, 200, 106, 51, 235) 0.8716083322305472
(150, 204, 206, 200, 106, 167, 77) 0.8718112204234918
RRC_6
(150, 204, 206, 200, 106, 51) 0.8712267858156687
(150, 206, 106, 200, 204, 167) 0.8707773547271107
(150, 204, 206, 200, 106, 61) 0.8712267858156687
(150, 204, 206, 200, 106, 114) 0.8705700325386758
(150, 206, 204, 200, 106, 51) 0.8708459557999838
(150, 206, 106, 200, 204, 51) 0.8707773547271108
(150, 106, 206, 200, 204, 61) 0.8711285336205339
(150, 204, 206, 200, 106, 167) 0.87113961875979
(150, 106, 206, 200, 204, 167) 0.8711285336205339
(150, 204, 206, 200, 51, 106) 0.8707436478501713
(150, 206, 106, 200, 204, 114) 0.8705700325386758
(150, 206, 204, 200, 106, 167) 0.8708459557999836
(150, 204, 206, 200, 61, 106) 0.8707636207130891
(150, 206, 106, 200, 204, 61) 0.8707773547271108
(150, 106, 206, 200, 204, 51) 0.8711285336205339
(150, 206, 204, 200, 106, 61) 0.8708459557999838
RRC_5
(150, 206, 200, 204, 106) 0.8633779438362483
(150, 206, 106, 200, 204) 0.8633779438362483
(150, 206, 204, 200, 51) 0.8564578963140548
(150, 106, 206, 200, 204) 0.8633779438362483
(150, 200, 206, 204, 61) 0.8567129349205239
(150, 204, 206, 200, 51) 0.8564578963140548
(150, 200, 206, 204, 106) 0.8633779438362483
(150, 206, 200, 106, 204) 0.8633779438362483
(150, 206, 200, 204, 51) 0.8564578963140548
(150, 206, 200, 204, 61) 0.8567129349205239
(150, 206, 204, 200, 106) 0.8633779438362483
(150, 206, 200, 106, 61) 0.8554717470357076
(150, 204, 206, 200, 61) 0.8567129349205239
(150, 200, 206, 204, 51) 0.8564578963140548
(150, 204, 206, 200, 106) 0.8633779438362483
(150, 206, 204, 200, 61) 0.8567129349205239
RRC_4
(150, 106, 206, 167) 0.8461918449489476
(150, 206, 204, 200) 0.8471914936123458
(150, 206, 106, 200) 0.8459503057275296
(150, 106, 206, 204) 0.8461918449489477
(150, 204, 206, 51) 0.8465271789967157
(150, 204, 206, 106) 0.8465271789967159
(150, 206, 200, 204) 0.8471914936123458
(150, 106, 206, 200) 0.8459503057275296
(150, 106, 206, 51) 0.8461918449489477
(150, 200, 206, 204) 0.8471914936123458
(150, 204, 206, 114) 0.8465271789967158
(150, 204, 206, 167) 0.8465271789967158
(150, 206, 200, 106) 0.8459503057275296
(150, 106, 206, 61) 0.8461918449489477
(150, 204, 206, 200) 0.8471914936123458
(150, 204, 206, 61) 0.8465271789967157
RRC_13
(150, 204, 206, 200, 106, 51, 77, 61, 167, 97, 241, 37, 41) 0.8911231687696726
(150, 204, 206, 200, 106, 51, 77, 61, 167, 97, 37, 121, 67) 0.8911231687696726
(150, 204, 206, 200, 106, 51, 77, 61, 167, 97, 37, 46, 114) 0.8911231687696726
(150, 204, 206, 200, 106, 51, 77, 61, 167, 97, 37, 241, 224) 0.8911231687696726
(150, 204, 206, 200, 106, 51, 77, 61, 167, 193, 114, 235, 37) 0.8911231687696726
(150, 204, 206, 200, 106, 51, 77, 61, 167, 97, 37, 46, 102) 0.8911231687696726
(150, 204, 206, 200, 106, 51, 77, 61, 167, 97, 22, 46, 193) 0.8911231687696726
(150, 204, 206, 200, 106, 51, 77, 61, 167, 97, 22, 46, 37) 0.8911231687696726
(150, 204, 206, 200, 106, 51, 77, 61, 167, 97, 22, 67, 46) 0.8911231687696726
(150, 204, 206, 200, 106, 51, 77, 61, 167, 97, 241, 37, 21) 0.8911231687696726
(150, 204, 206, 200, 106, 51, 77, 61, 167, 37, 114, 235, 21) 0.8911231687696726
(150, 204, 206, 200, 106, 51, 77, 61, 167, 97, 241, 121, 235) 0.8911231687696726
(150, 204, 206, 200, 106, 51, 77, 61, 167, 97, 22, 237, 224) 0.8911231687696726
(150, 204, 206, 200, 106, 51, 77, 61, 167, 102, 114, 235, 224) 0.8911231687696726
(150, 204, 206, 200, 106, 51, 77, 61, 167, 97, 37, 21, 193) 0.8911231687696726
(150, 204, 206, 200, 106, 51, 77, 61, 167, 41, 235, 114, 22) 0.8911231687696726
RRC_9
(150, 204, 206, 200, 106, 167, 77, 51, 61) 0.888450131997511
(150, 106, 206, 200, 204, 51, 77, 61, 114) 0.888421074755645
(150, 204, 206, 200, 106, 167, 77, 61, 51) 0.8884581214680435
(150, 106, 206, 200, 204, 167, 77, 51, 61) 0.8884132302485536
(150, 204, 206, 200, 106, 51, 77, 114, 61) 0.8883911226583074
(150, 106, 206, 200, 204, 167, 77, 61, 51) 0.888421074755645
(150, 204, 206, 200, 106, 167, 77, 61, 114) 0.8884581214680435
(150, 106, 206, 200, 204, 167, 77, 61, 114) 0.888421074755645
(150, 204, 206, 200, 106, 51, 77, 61, 167) 0.8884646722769924
(150, 204, 206, 200, 106, 167, 77, 114, 61) 0.8883851509705115
(150, 106, 206, 200, 204, 51, 77, 61, 167) 0.888421074755645
(150, 204, 206, 200, 106, 61, 77, 167, 51) 0.8884091074190811
(150, 204, 206, 200, 106, 51, 77, 61, 114) 0.8884646722769924
(150, 204, 206, 200, 106, 61, 77, 51, 167) 0.8884566193990343
(150, 204, 206, 200, 106, 51, 77, 167, 61) 0.8884091074190811
(150, 106, 206, 200, 204, 61, 77, 51, 167) 0.8884132302485538
RRC_8
(150, 106, 206, 200, 204, 61, 77, 51) 0.8810665379859448
(150, 204, 206, 200, 106, 51, 77, 114) 0.8790904761817979
(150, 106, 206, 200, 204, 61, 77, 167) 0.8795618102077772
(150, 106, 206, 200, 204, 167, 77, 51) 0.8810665379859448
(150, 204, 206, 200, 106, 61, 77, 167) 0.8796600624029122
(150, 204, 206, 200, 106, 61, 77, 114) 0.8790904761817979
(150, 204, 206, 200, 106, 51, 77, 167) 0.8796600624029122
(150, 106, 206, 200, 204, 51, 77, 61) 0.8813215765924138
(150, 204, 206, 200, 106, 61, 77, 51) 0.8811647901810796
(150, 106, 206, 200, 204, 51, 77, 167) 0.8795618102077772
(150, 204, 206, 200, 106, 167, 77, 114) 0.8790033091259191
(150, 204, 206, 200, 106, 167, 77, 61) 0.8813326617316698
(150, 204, 206, 200, 106, 167, 77, 51) 0.8810776231252008
(150, 204, 206, 200, 106, 51, 77, 61) 0.8814198287875487
(150, 106, 206, 200, 204, 167, 77, 61) 0.8813215765924138
(150, 106, 206, 200, 204, 167, 77, 114) 0.878992223986663
RRC_11
(150, 204, 206, 200, 106, 51, 77, 61, 167, 41, 114) 0.8897978891893891
(150, 204, 206, 200, 106, 51, 77, 61, 167, 46, 114) 0.8897978891893891
(150, 204, 206, 200, 106, 51, 77, 61, 167, 21, 114) 0.8897978891893891
(150, 204, 206, 200, 106, 51, 77, 61, 167, 97, 37) 0.889797889189389
(150, 204, 206, 200, 106, 51, 77, 61, 167, 241, 114) 0.8897978891893891
(150, 204, 206, 200, 106, 51, 77, 61, 167, 67, 114) 0.8897978891893891
(150, 204, 206, 200, 106, 51, 77, 61, 167, 22, 114) 0.8897978891893891
(150, 204, 206, 200, 106, 51, 77, 61, 167, 97, 22) 0.889797889189389
(150, 204, 206, 200, 106, 51, 77, 61, 167, 121, 114) 0.8897978891893891
(150, 204, 206, 200, 106, 51, 77, 61, 167, 37, 114) 0.8897978891893891
(150, 204, 206, 200, 106, 51, 77, 61, 167, 224, 114) 0.8897978891893891
(150, 204, 206, 200, 106, 51, 77, 61, 167, 41, 235) 0.889797889189389
(150, 204, 206, 200, 106, 51, 77, 61, 167, 193, 114) 0.8897978891893891
(150, 204, 206, 200, 106, 51, 77, 61, 167, 97, 241) 0.889797889189389
(150, 204, 206, 200, 106, 51, 77, 61, 167, 102, 114) 0.8897978891893891
(150, 204, 206, 200, 106, 51, 77, 61, 167, 237, 114) 0.8897978891893891
RRC_12
(150, 204, 206, 200, 106, 51, 77, 61, 167, 41, 235, 37) 0.8907775137902367
(150, 204, 206, 200, 106, 51, 77, 61, 167, 97, 241, 114) 0.8907775137902367
(150, 204, 206, 200, 106, 51, 77, 61, 167, 102, 114, 235) 0.8907775137902367
(150, 204, 206, 200, 106, 51, 77, 61, 167, 97, 241, 37) 0.8907775137902367
(150, 204, 206, 200, 106, 51, 77, 61, 167, 41, 235, 241) 0.8907775137902367
(150, 204, 206, 200, 106, 51, 77, 61, 167, 97, 37, 46) 0.8907775137902367
(150, 204, 206, 200, 106, 51, 77, 61, 167, 97, 241, 121) 0.8907775137902367
(150, 204, 206, 200, 106, 51, 77, 61, 167, 97, 22, 67) 0.8907775137902367
(150, 204, 206, 200, 106, 51, 77, 61, 167, 97, 37, 121) 0.8907775137902367
(150, 204, 206, 200, 106, 51, 77, 61, 167, 193, 114, 235) 0.8907775137902367
(150, 204, 206, 200, 106, 51, 77, 61, 167, 97, 37, 21) 0.8907775137902367
(150, 204, 206, 200, 106, 51, 77, 61, 167, 37, 114, 235) 0.8907775137902367
(150, 204, 206, 200, 106, 51, 77, 61, 167, 97, 22, 237) 0.8907775137902367
(150, 204, 206, 200, 106, 51, 77, 61, 167, 97, 37, 241) 0.8907775137902367
(150, 204, 206, 200, 106, 51, 77, 61, 167, 97, 22, 46) 0.8907775137902367
(150, 204, 206, 200, 106, 51, 77, 61, 167, 41, 235, 114) 0.8907775137902367
RRC_14
(150, 204, 206, 200, 106, 51, 77, 61, 167, 97, 37, 121, 67, 41) 0.8911231687696726
(150, 204, 206, 200, 106, 51, 77, 61, 167, 97, 37, 241, 224, 193) 0.8911231687696726
(150, 204, 206, 200, 106, 51, 77, 61, 167, 97, 37, 46, 114, 290) 0.8911231687696726
(150, 204, 206, 200, 106, 51, 77, 61, 167, 97, 241, 37, 41, 168) 0.8911231687696726
(150, 204, 206, 200, 106, 51, 77, 61, 167, 37, 114, 235, 21, 224) 0.8911231687696726
(150, 204, 206, 200, 106, 51, 77, 61, 167, 97, 37, 121, 67, 168) 0.8911231687696726
(150, 204, 206, 200, 106, 51, 77, 61, 167, 97, 37, 46, 114, 41) 0.8911231687696726
(150, 204, 206, 200, 106, 51, 77, 61, 167, 97, 22, 67, 46, 37) 0.8911231687696726
(150, 204, 206, 200, 106, 51, 77, 61, 167, 97, 241, 37, 41, 114) 0.8911231687696726
(150, 204, 206, 200, 106, 51, 77, 61, 167, 97, 37, 46, 102, 41) 0.8911231687696726
(150, 204, 206, 200, 106, 51, 77, 61, 167, 97, 37, 121, 67, 224) 0.8911231687696726
(150, 204, 206, 200, 106, 51, 77, 61, 167, 102, 114, 235, 224, 290) 0.8911231687696726
(150, 204, 206, 200, 106, 51, 77, 61, 167, 97, 37, 46, 114, 67) 0.8911231687696726
(150, 204, 206, 200, 106, 51, 77, 61, 167, 41, 235, 114, 22, 168) 0.8911231687696726
(150, 204, 206, 200, 106, 51, 77, 61, 167, 97, 22, 67, 46, 241) 0.8911231687696726
(150, 204, 206, 200, 106, 51, 77, 61, 167, 97, 37, 46, 114, 168) 0.8911231687696726
RRC_15
(150, 204, 206, 200, 106, 51, 77, 61, 167, 97, 37, 46, 114, 290, 241) 0.8911231687696726
(150, 204, 206, 200, 106, 51, 77, 61, 167, 97, 241, 37, 41, 168, 193) 0.8911231687696726
(150, 204, 206, 200, 106, 51, 77, 61, 167, 97, 37, 46, 114, 41, 193) 0.8911231687696726
(150, 204, 206, 200, 106, 51, 77, 61, 167, 97, 22, 67, 46, 37, 286) 0.8911231687696726
(150, 204, 206, 200, 106, 51, 77, 61, 167, 97, 37, 46, 114, 41, 235) 0.8911231687696726
(150, 204, 206, 200, 106, 51, 77, 61, 167, 97, 22, 67, 46, 37, 168) 0.8911231687696726
(150, 204, 206, 200, 106, 51, 77, 61, 167, 97, 37, 46, 114, 290, 282) 0.8911231687696726
(150, 204, 206, 200, 106, 51, 77, 61, 167, 102, 114, 235, 224, 290, 282) 0.8911231687696726
(150, 204, 206, 200, 106, 51, 77, 61, 167, 97, 37, 121, 67, 224, 114) 0.8911231687696726
(150, 204, 206, 200, 106, 51, 77, 61, 167, 97, 22, 67, 46, 37, 21) 0.8911231687696726
(150, 204, 206, 200, 106, 51, 77, 61, 167, 41, 235, 114, 22, 168, 237) 0.8911231687696726
(150, 204, 206, 200, 106, 51, 77, 61, 167, 97, 37, 241, 224, 193, 235) 0.8911231687696726
(150, 204, 206, 200, 106, 51, 77, 61, 167, 97, 37, 121, 67, 41, 237) 0.8911231687696726
(150, 204, 206, 200, 106, 51, 77, 61, 167, 97, 37, 46, 102, 41, 22) 0.8911231687696726
(150, 204, 206, 200, 106, 51, 77, 61, 167, 102, 114, 235, 224, 290, 237) 0.8911231687696726
(150, 204, 206, 200, 106, 51, 77, 61, 167, 97, 241, 37, 41, 168, 286) 0.8911231687696726

node num of SRG 28

current length of seq: 2
SRG recovery seq [150, 206]
RRC recovery seq (150, 206)
high degree based recovery seq [36, 54]
low degree based recovery seq [150, 262]
high load based recovery seq [150, 206]
low load based recovery seq [242, 229]

residual percent of power before recovery 0.7671688801892388
residual percent of power after SRG recovery 0.822495255219259
residual percent of power after RRC recovery 0.822495255219259
residual percent of power after high degree based recovery 0.7671688801892388
residual percent of power after low degree based recovery 0.7996267935058672
residual percent of power after high load based recovery 0.822495255219259
residual percent of power after low load based recovery 0.7613582506051855
average residual percent of power after random based recovery 0.7756808276852911


current length of seq: 3
SRG recovery seq [150, 206, 200]
RRC recovery seq (150, 206, 204)
high degree based recovery seq [36, 54, 61]
low degree based recovery seq [150, 262, 282]
high load based recovery seq [150, 206, 204]
low load based recovery seq [242, 229, 132]

residual percent of power before recovery 0.7671688801892388
residual percent of power after SRG recovery 0.8297638555036271
residual percent of power after RRC recovery 0.8399228933279778
residual percent of power after high degree based recovery 0.7766903214974168
residual percent of power after low degree based recovery 0.7997071306669049
residual percent of power after high load based recovery 0.8399228933279778
residual percent of power after low load based recovery 0.7613582506051855
average residual percent of power after random based recovery 0.7757397649436151


current length of seq: 4
SRG recovery seq [150, 206, 200, 106]
RRC recovery seq (150, 206, 204, 200)
high degree based recovery seq [36, 54, 61, 224]
low degree based recovery seq [150, 262, 282, 286]
high load based recovery seq [150, 206, 204, 106]
low load based recovery seq [242, 229, 132, 262]

residual percent of power before recovery 0.7671688801892388
residual percent of power after SRG recovery 0.8459503057275296
residual percent of power after RRC recovery 0.8471914936123458
residual percent of power after high degree based recovery 0.7792832139965189
residual percent of power after low degree based recovery 0.7997861926349104
residual percent of power after high load based recovery 0.8454823948641998
residual percent of power after low load based recovery 0.7613582506051855
average residual percent of power after random based recovery 0.7791496502783111


current length of seq: 5
SRG recovery seq [150, 206, 200, 106, 61]
RRC recovery seq (150, 206, 200, 204, 106)
high degree based recovery seq [36, 54, 61, 224, 22]
low degree based recovery seq [150, 262, 282, 286, 290]
high load based recovery seq [150, 206, 204, 106, 61]
low load based recovery seq [242, 229, 132, 262, 139]

residual percent of power before recovery 0.7671688801892388
residual percent of power after SRG recovery 0.8554717470357076
residual percent of power after RRC recovery 0.8633779438362483
residual percent of power after high degree based recovery 0.7801758491191606
residual percent of power after low degree based recovery 0.7998542029299688
residual percent of power after high load based recovery 0.847859246862447
residual percent of power after low load based recovery 0.7613582506051855
average residual percent of power after random based recovery 0.7839610471035054


current length of seq: 6
SRG recovery seq [150, 206, 200, 204, 106, 61]
RRC recovery seq (150, 204, 206, 200, 106, 51)
high degree based recovery seq [36, 54, 61, 224, 22, 37]
low degree based recovery seq [150, 262, 282, 286, 290, 242]
high load based recovery seq [150, 206, 204, 106, 61, 51]
low load based recovery seq [242, 229, 132, 262, 139, 144]

residual percent of power before recovery 0.7671688801892388
residual percent of power after SRG recovery 0.8702341212019199
residual percent of power after RRC recovery 0.8712267858156687
residual percent of power after high degree based recovery 0.7818336000612094
residual percent of power after low degree based recovery 0.7950212213373801
residual percent of power after high load based recovery 0.848244093269258
residual percent of power after low load based recovery 0.7613582506051855
average residual percent of power after random based recovery 0.7864103188620178


current length of seq: 7
SRG recovery seq [204, 51, 150, 206, 200, 106, 61]
RRC recovery seq (150, 204, 206, 200, 106, 61, 77)
high degree based recovery seq [36, 54, 61, 224, 22, 37, 167]
low degree based recovery seq [150, 262, 282, 286, 290, 242, 249]
high load based recovery seq [150, 206, 204, 106, 61, 51, 167]
low load based recovery seq [242, 229, 132, 262, 139, 144, 18]

residual percent of power before recovery 0.7671688801892388
residual percent of power after SRG recovery 0.8713331267132463
residual percent of power after RRC recovery 0.8718983874793707
residual percent of power after high degree based recovery 0.7895952749847511
residual percent of power after low degree based recovery 0.7950212213373801
residual percent of power after high load based recovery 0.8487443935981119
residual percent of power after low load based recovery 0.7613582506051855
average residual percent of power after random based recovery 0.7944718576562134


current length of seq: 8
SRG recovery seq [204, 61, 150, 206, 200, 106, 51, 77]
RRC recovery seq (150, 204, 206, 200, 106, 51, 77, 61)
high degree based recovery seq [36, 54, 61, 224, 22, 37, 167, 71]
low degree based recovery seq [150, 262, 282, 286, 290, 242, 249, 206]
high load based recovery seq [150, 206, 204, 106, 61, 51, 167, 200]
low load based recovery seq [242, 229, 132, 262, 139, 144, 18, 148]

residual percent of power before recovery 0.7671688801892388
residual percent of power after SRG recovery 0.8720103209931885
residual percent of power after RRC recovery 0.8814198287875487
residual percent of power after high degree based recovery 0.7895952749847511
residual percent of power after low degree based recovery 0.817889683050772
residual percent of power after high load based recovery 0.85601299388248
residual percent of power after low load based recovery 0.7613582506051855
average residual percent of power after random based recovery 0.7942426660554933


current length of seq: 9
SRG recovery seq [204, 51, 77, 167, 150, 206, 200, 106, 61]
RRC recovery seq (150, 204, 206, 200, 106, 51, 77, 61, 167)
high degree based recovery seq [36, 54, 61, 224, 22, 37, 167, 71, 97]
low degree based recovery seq [150, 262, 282, 286, 290, 242, 249, 206, 218]
high load based recovery seq [150, 206, 204, 106, 61, 51, 167, 200, 114]
low load based recovery seq [242, 229, 132, 262, 139, 144, 18, 148, 36]

residual percent of power before recovery 0.7671688801892388
residual percent of power after SRG recovery 0.8878802873064946
residual percent of power after RRC recovery 0.8884646722769924
residual percent of power after high degree based recovery 0.7901946157099533
residual percent of power after low degree based recovery 0.817889683050772
residual percent of power after high load based recovery 0.8632050825849072
residual percent of power after low load based recovery 0.7613582506051855
average residual percent of power after random based recovery 0.794640522184347


current length of seq: 10
SRG recovery seq [204, 51, 77, 167, 150, 206, 200, 106, 61, 114]
RRC recovery seq (150, 204, 206, 200, 106, 51, 77, 61, 167, 237)
high degree based recovery seq [36, 54, 61, 224, 22, 37, 167, 71, 97, 106]
low degree based recovery seq [150, 262, 282, 286, 290, 242, 249, 206, 218, 229]
high load based recovery seq [150, 206, 204, 106, 61, 51, 167, 200, 114, 21]
low load based recovery seq [242, 229, 132, 262, 139, 144, 18, 148, 36, 172]

residual percent of power before recovery 0.7671688801892388
residual percent of power after SRG recovery 0.8882846313424738
residual percent of power after RRC recovery 0.8890443318041216
residual percent of power after high degree based recovery 0.806381065933856
residual percent of power after low degree based recovery 0.8169120350593073
residual percent of power after high load based recovery 0.8666481037722396
residual percent of power after low load based recovery 0.7613582506051855
average residual percent of power after random based recovery 0.7990998462262482


current length of seq: 11
SRG recovery seq [204, 51, 77, 167, 150, 206, 200, 106, 61, 97, 37]
RRC recovery seq (150, 204, 206, 200, 106, 51, 77, 61, 167, 41, 114)
high degree based recovery seq [36, 54, 61, 224, 22, 37, 167, 71, 97, 106, 132]
low degree based recovery seq [150, 262, 282, 286, 290, 242, 249, 206, 218, 229, 235]
high load based recovery seq [150, 206, 204, 106, 61, 51, 167, 200, 114, 21, 102]
low load based recovery seq [242, 229, 132, 262, 139, 144, 18, 148, 36, 172, 54]

residual percent of power before recovery 0.7671688801892388
residual percent of power after SRG recovery 0.8888102785892473
residual percent of power after RRC recovery 0.8897978891893891
residual percent of power after high degree based recovery 0.806381065933856
residual percent of power after low degree based recovery 0.8179619439892716
residual percent of power after high load based recovery 0.8699636056563372
residual percent of power after low load based recovery 0.7613582506051855
average residual percent of power after random based recovery 0.8012919455490226


current length of seq: 12
SRG recovery seq [204, 51, 77, 167, 150, 206, 200, 106, 61, 97, 37, 114]
RRC recovery seq (150, 204, 206, 200, 106, 51, 77, 61, 167, 41, 235, 37)
high degree based recovery seq [36, 54, 61, 224, 22, 37, 167, 71, 97, 106, 132, 18]
low degree based recovery seq [150, 262, 282, 286, 290, 242, 249, 206, 218, 229, 235, 237]
high load based recovery seq [150, 206, 204, 106, 61, 51, 167, 200, 114, 21, 102, 46]
low load based recovery seq [242, 229, 132, 262, 139, 144, 18, 148, 36, 172, 54, 56]

residual percent of power b