ramp_rate = 0.1
P=30 , R=16 , round=9
length of recovery seq 9
delete list [74, 45, 51, 1, 106, 3, 82, 67, 90, 114, 81, 30, 7, 17, 79, 103, 95, 46, 115, 118, 40, 117, 96, 116, 88, 27, 57, 110, 28, 21]
num of failed bus 118
failed bus [74, 45, 51, 1, 106, 3, 82, 67, 90, 114, 81, 30, 7, 17, 79, 103, 95, 46, 115, 118, 40, 117, 96, 116, 88, 27, 57, 110, 28, 21, 4, 6, 8, 15, 18, 19, 24, 32, 34, 36, 42, 55, 56, 62, 70, 72, 73, 76, 77, 85, 91, 92, 99, 104, 105, 107, 112, 113, 87, 31, 111, 54, 12, 59, 61, 49, 25, 100, 26, 69, 65, 66, 10, 2, 11, 13, 5, 9, 14, 16, 20, 22, 23, 29, 35, 39, 33, 37, 38, 41, 43, 44, 47, 48, 50, 53, 52, 58, 60, 64, 63, 68, 71, 75, 78, 80, 98, 97, 83, 84, 86, 89, 94, 93, 101, 102, 109, 108]
num of steady bus 0
num of steady branch 0

RRC_3
RRC_2
RRC_1
RRC_7
RRC_6
RRC_5
RRC_4
RRC_9
RRC_8

node num of SRG 0

current length of seq: 2
SRG recovery seq []
